version https://git-lfs.github.com/spec/v1
oid sha256:128788f09b4984201cf6cbe020a10f913d8d85606c376af09b216fd77d39525c
size 14031
