version https://git-lfs.github.com/spec/v1
oid sha256:99b85b873ab7608388ee98524f6fb54ccdb1950f0d9c03f4e3bd35f0795a702e
size 41154
