version https://git-lfs.github.com/spec/v1
oid sha256:454f79995f45bb0fcda4c195b2352e192ddf9c28d42e2065085e664ca7875bf4
size 1079
