version https://git-lfs.github.com/spec/v1
oid sha256:7bdb1ba17141c888c167f4ee2100565aebd9c7ecb282480fa45382499ed12a94
size 204493
