version https://git-lfs.github.com/spec/v1
oid sha256:ccc0c4e4982b345302cceb45c6ebd31c0a9fdd1cd8970c9ac2e888769738f146
size 57641
