version https://git-lfs.github.com/spec/v1
oid sha256:3acac178131364f7df4da9c8fe9afefa1f767d10de942feedec1aa42d4696bf7
size 1203
