version https://git-lfs.github.com/spec/v1
oid sha256:2ad7e00994dd64fee0a62896d401b04b781c9d06fa79c037c9bb282d39c72ff6
size 923
