version https://git-lfs.github.com/spec/v1
oid sha256:535bb75d995250a5797ca2d1a70c77f5e405a0d38bee747e0589dabb88e66822
size 42763
