version https://git-lfs.github.com/spec/v1
oid sha256:5ad1e24fdbcc175ae07c20c4bb5686ed244be8366706bcdf35c36f819c67da9e
size 1358
