version https://git-lfs.github.com/spec/v1
oid sha256:6eabf74607d702fe1a930cef4ad981a444e96fa45bd9128a1fb0835975c67fe1
size 923
