version https://git-lfs.github.com/spec/v1
oid sha256:9e2e34f275142763e82f5b492d2cc9765bed22d2829e7b701b9350062bbc67d4
size 538
