version https://git-lfs.github.com/spec/v1
oid sha256:f3137622da1d2e06756e27c7392a7f5ec26e07e91c2543f0dfa23e52e3fffcc2
size 1325
