version https://git-lfs.github.com/spec/v1
oid sha256:394ec7af630940db13cf40ca6b604df697c49111815905097ad967a4b3b632f3
size 13981
