version https://git-lfs.github.com/spec/v1
oid sha256:19cab97018cdeaa3f5bebb4373bc4a1c3d5bb5ae51ba574798f29cb60345ed08
size 1078
