version https://git-lfs.github.com/spec/v1
oid sha256:d36925ff92f80fef59f8fc6d97d005d8cde547becce4c2572ce7dd5fad83091c
size 1415
