version https://git-lfs.github.com/spec/v1
oid sha256:de54930718dc05dbe7036c844822ec400b82ffd474513510721d30670cfd829f
size 211684
