step,epoch,lr,train_loss,train_acc,val_loss,val_acc,dur_total_core,dur_total_core_fmt,dur_train_core,dur_train_core_fmt,dur_total,dur_total_fmt,dur_train,dur_train_fmt,progress
1,1,0.0025,4.589769153594971,0.021,,,605.2859828472137,10.1m,605.2861144542694,10.1m,605.3438618183136,10.1m,605.3438684940338,10.1m,0.1%
2,2,0.0024999984578746295,4.4973764266967775,0.027,,,623.8183765411377,10.4m,623.8186070919037,10.4m,623.9334444999695,10.4m,623.9334578514099,10.4m,0.1%
3,3,0.002499993831502323,4.41868803024292,0.045,,,641.4349155426025,10.7m,641.4352774620056,10.7m,641.6101751327515,10.7m,641.6101932525635,10.7m,0.1%
4,4,0.0024999861208944954,4.354411888122558,0.041,,,659.062460899353,11.0m,659.0629363059998,11.0m,659.292277097702,11.0m,659.2922999858856,11.0m,0.2%
5,5,0.0024999753260701715,4.302137691497803,0.053,,,676.7005705833435,11.3m,676.7011325359344,11.3m,676.974851846695,11.3m,676.9748792648315,11.3m,0.2%
6,6,0.0024999614470559875,4.25873681640625,0.063,,,694.3462851047516,11.6m,694.3469352722168,11.6m,694.6733484268188,11.6m,694.6733796596527,11.6m,0.3%
7,7,0.0024999444838861877,4.205165000915527,0.068,,,712.0042583942413,11.9m,712.0050086975098,11.9m,712.3822360038757,11.9m,712.3822717666626,11.9m,0.4%
8,8,0.002499924436602627,4.163338985443115,0.077,,,729.6752595901489,12.2m,729.6761190891266,12.2m,730.0958139896393,12.2m,730.0958533287048,12.2m,0.4%
9,9,0.0024999013052547704,4.11754997253418,0.089,,,747.3560154438019,12.5m,747.3570058345795,12.5m,747.8381433486938,12.5m,747.8381862640381,12.5m,0.4%
10,10,0.002499875089899692,4.067335113525391,0.091,,,765.0433073043823,12.8m,765.044426202774,12.8m,765.6021203994751,12.8m,765.6021676063538,12.8m,0.5%
11,11,0.0024998457906020757,4.030211320877076,0.096,,,782.7282168865204,13.0m,782.7294502258301,13.0m,783.3397824764252,13.1m,783.3398342132568,13.1m,0.5%
12,12,0.002499813407434215,3.972250562667847,0.116,,,800.4181530475616,13.3m,800.4194900989532,13.3m,801.0872747898102,13.4m,801.087329864502,13.4m,0.6%
13,13,0.002499777940476011,3.957222917556763,0.099,,,818.1027567386627,13.6m,818.1041874885559,13.6m,818.814257144928,13.6m,818.8143165111542,13.6m,0.7%
14,14,0.0024997393898149767,3.9029064102172852,0.12,,,835.7822067737579,13.9m,835.7837135791779,13.9m,836.5577566623688,13.9m,836.5578193664551,13.9m,0.7%
15,15,0.0024996977555462306,3.860421070098877,0.125,,,853.4677875041962,14.2m,853.4693961143494,14.2m,854.3026733398438,14.2m,854.3027393817902,14.2m,0.8%
16,16,0.002499653037772501,3.8161777935028076,0.133,,,871.1618542671204,14.5m,871.1635873317719,14.5m,872.0516669750214,14.5m,872.0517380237579,14.5m,0.8%
17,17,0.002499605236604125,3.7782233905792237,0.142,,,888.8450865745544,14.8m,888.8469133377075,14.8m,889.780758857727,14.8m,889.7808327674866,14.8m,0.9%
18,18,0.0024995543521590473,3.744347089767456,0.153,,,906.533209323883,15.1m,906.5351233482361,15.1m,907.5292017459869,15.1m,907.5292789936066,15.1m,0.9%
19,19,0.0024995003845628204,3.711161512374878,0.157,,,924.2178840637207,15.4m,924.2199029922485,15.4m,925.2792961597443,15.4m,925.2793776988983,15.4m,0.9%
20,20,0.002499443333948604,3.6893384590148925,0.155,4.15638726272583,0.0788,1108.3942399024963,18.5m,941.9098317623138,15.7m,1115.4908599853516,18.6m,943.0243678092957,15.7m,1.0%
21,21,0.0024993832004571643,3.6308678455352785,0.172,,,1125.9890365600586,18.8m,959.504771232605,16.0m,1133.1310892105103,18.9m,960.6646018028259,16.0m,1.1%
22,22,0.002499319984236875,3.5865622425079344,0.179,,,1143.6143395900726,19.1m,977.1302053928375,16.3m,1150.8174040317535,19.2m,978.3509213924408,16.3m,1.1%
23,23,0.002499253685443716,3.5471287803649902,0.184,,,1161.258058309555,19.4m,994.7740905284882,16.6m,1168.5199737548828,19.5m,996.0534987449646,16.6m,1.1%
24,24,0.0024991843042412726,3.516149059295654,0.21,,,1178.9170236587524,19.6m,1012.4332320690155,16.9m,1186.240275144577,19.8m,1013.7738060951233,16.9m,1.2%
25,25,0.002499111840800736,3.465826374053955,0.212,,,1196.5853924751282,19.9m,1030.1017680168152,17.2m,1203.977106809616,20.1m,1031.5106446743011,17.2m,1.2%
26,26,0.002499036295300903,3.431510372161865,0.207,,,1214.2714569568634,20.2m,1047.7879829406738,17.5m,1221.7104125022888,20.4m,1049.2439563274384,17.5m,1.3%
27,27,0.0024989576679281746,3.3962434520721434,0.223,,,1231.9545834064484,20.5m,1065.4712557792664,17.8m,1239.4700832366943,20.7m,1067.0036325454712,17.8m,1.4%
28,28,0.0024988759588765556,3.3529142742156983,0.208,,,1249.6346261501312,20.8m,1083.151427268982,18.1m,1257.228801727295,21.0m,1084.7623572349548,18.1m,1.4%
29,29,0.0024987911683476555,3.2943466529846193,0.235,,,1267.3103194236755,21.1m,1100.827227115631,18.3m,1274.9451839923859,21.2m,1102.478746175766,18.4m,1.5%
30,30,0.002498703296550686,3.2764011363983156,0.245,,,1284.9915928840637,21.4m,1118.5086026191711,18.6m,1292.6871836185455,21.5m,1120.2207505702972,18.7m,1.5%
31,31,0.002498612343702462,3.2227389640808104,0.257,,,1302.6691734790802,21.7m,1136.1862881183624,18.9m,1310.4297931194305,21.8m,1137.9633643627167,19.0m,1.6%
32,32,0.0024985183100274012,3.1927517051696777,0.233,,,1320.3502476215363,22.0m,1153.8674607276917,19.2m,1328.180000782013,22.1m,1155.7135782241821,19.3m,1.6%
33,33,0.0024984211957575215,3.148536039352417,0.267,,,1338.0329236984253,22.3m,1171.5502624511719,19.5m,1345.9200534820557,22.4m,1173.4536354541779,19.6m,1.7%
34,34,0.002498321001132443,3.1106883239746095,0.272,,,1355.7193703651428,22.6m,1189.2368245124817,19.8m,1363.6775903701782,22.7m,1191.2111797332764,19.9m,1.7%
35,35,0.0024982177263993864,3.0463694133758543,0.295,,,1373.401603937149,22.9m,1206.9227936267853,20.1m,1381.4407835006714,23.0m,1208.9743809700012,20.1m,1.8%
36,36,0.0024981113718131717,3.0049130115509035,0.296,,,1391.0883467197418,23.2m,1224.6096587181091,20.4m,1399.1991639137268,23.3m,1226.7327654361725,20.4m,1.8%
37,37,0.002498001937636218,2.974551845550537,0.295,,,1408.7694084644318,23.5m,1242.2908055782318,20.7m,1416.9367632865906,23.6m,1244.470370054245,20.7m,1.8%
38,38,0.002497889424138543,2.9313909587860105,0.32,,,1426.452787399292,23.8m,1259.974279642105,21.0m,1434.6688899993896,23.9m,1262.20250082016,21.0m,1.9%
39,39,0.0024977738315977637,2.8837737083435058,0.322,,,1444.1336786746979,24.1m,1277.6553106307983,21.3m,1452.4107656478882,24.2m,1279.9443848133087,21.3m,1.9%
40,40,0.002497655160299092,2.8379435939788817,0.329,4.024460012435913,0.1071,1517.059407234192,25.3m,1295.3413081169128,21.6m,1525.5050933361053,25.4m,1297.684841632843,21.6m,2.0%
41,41,0.002497533410535338,2.7904909019470217,0.359,,,1534.7511756420135,25.6m,1313.0331914424896,21.9m,1543.2424056529999,25.7m,1315.4221601486206,21.9m,2.1%
42,42,0.002497408582606907,2.760676923751831,0.358,,,1552.4451639652252,25.9m,1330.7273206710815,22.2m,1560.9831302165985,26.0m,1333.1628904342651,22.2m,2.1%
43,43,0.0024972806768218006,2.694668628692627,0.387,,,1570.1284234523773,26.2m,1348.410701751709,22.5m,1578.739312171936,26.3m,1350.9190800189972,22.5m,2.1%
44,44,0.002497149693495612,2.6782670555114745,0.363,,,1587.8169898986816,26.5m,1366.0993690490723,22.8m,1596.5083084106445,26.6m,1368.6880850791931,22.8m,2.2%
45,45,0.0024970156329515297,2.6191324787139894,0.393,,,1605.4923975467682,26.8m,1383.7748687267303,23.1m,1614.2552151679993,26.9m,1386.434998512268,23.1m,2.2%
46,46,0.002496878495520336,2.575830410003662,0.398,,,1623.1724259853363,27.1m,1401.4549930095673,23.4m,1631.9899759292603,27.2m,1404.1697640419006,23.4m,2.3%
47,47,0.0024967382815404026,2.5524627094268797,0.402,,,1640.8675844669342,27.3m,1419.1503159999847,23.7m,1649.7459251880646,27.5m,1421.9257171154022,23.7m,2.4%
48,48,0.0024965949913576943,2.490944444656372,0.422,,,1658.5479168891907,27.6m,1436.8307566642761,23.9m,1667.481034040451,27.8m,1439.660833120346,24.0m,2.4%
49,49,0.0024964486253257656,2.4631781940460207,0.43,,,1676.2295858860016,27.9m,1454.5125200748444,24.2m,1685.2248013019562,28.1m,1457.40460729599,24.3m,2.5%
50,50,0.0024962991838057597,2.4036579093933104,0.464,,,1693.9068050384521,28.2m,1472.1898684501648,24.5m,1702.975913286209,28.4m,1475.1557261943817,24.6m,2.5%
51,51,0.0024961466671664084,2.3549409332275393,0.479,,,1711.5959646701813,28.5m,1489.879154920578,24.8m,1720.7174730300903,28.7m,1492.897290945053,24.9m,2.5%
52,52,0.0024959910757840313,2.3623643016815183,0.466,,,1729.2774472236633,28.8m,1507.5607812404633,25.1m,1738.4467737674713,29.0m,1510.626596212387,25.2m,2.6%
53,53,0.0024958324100425354,2.3083398323059083,0.494,,,1746.968152999878,29.1m,1525.251626253128,25.4m,1756.2168624401093,29.3m,1528.396691083908,25.5m,2.6%
54,54,0.0024956706703334122,2.2295104970932007,0.493,,,1764.6554062366486,29.4m,1542.939002275467,25.7m,1773.9705328941345,29.6m,1546.1503655910492,25.8m,2.7%
55,55,0.0024955058570557383,2.224984022140503,0.493,,,1782.3359026908875,29.7m,1560.6195998191833,26.0m,1791.727873802185,29.9m,1563.9077124595642,26.1m,2.8%
56,56,0.0024953379706161745,2.1838293933868407,0.516,,,1800.0148394107819,30.0m,1578.2986330986023,26.3m,1809.4732072353363,30.2m,1581.6530501842499,26.4m,2.8%
57,57,0.0024951670114289636,2.143362995147705,0.545,,,1817.694063425064,30.3m,1595.9779572486877,26.6m,1827.2238552570343,30.5m,1599.4037022590637,26.7m,2.9%
58,58,0.00249499297991593,2.0805200958251953,0.553,,,1835.3766236305237,30.6m,1613.6606016159058,26.9m,1844.948653459549,30.7m,1617.1285047531128,27.0m,2.9%
59,59,0.00249481587650648,2.032932878494263,0.56,,,1853.06396317482,30.9m,1631.3480958938599,27.2m,1862.7134745121002,31.0m,1634.89333152771,27.2m,2.9%
60,60,0.002494635701637598,1.985510829925537,0.589,4.080655340576172,0.121,1925.8485267162323,32.1m,1649.0448253154755,27.5m,1935.6432542800903,32.3m,1652.6427419185638,27.5m,3.0%
61,61,0.0024944524557538477,1.9703286361694337,0.574,,,1943.533552646637,32.4m,1666.7299363613129,27.8m,1953.3777112960815,32.6m,1670.3772037029266,27.8m,3.0%
62,62,0.0024942661393073705,1.9238786306381226,0.589,,,1961.213017463684,32.7m,1684.4094927310944,28.1m,1971.1198694705963,32.9m,1688.1193673610687,28.1m,3.1%
63,63,0.0024940767527578834,1.8884600200653077,0.593,,,1978.8979926109314,33.0m,1702.094541311264,28.4m,1988.870665550232,33.1m,1705.8701655864716,28.4m,3.1%
64,64,0.0024938842965726788,1.8630791635513306,0.607,,,1996.5832350254059,33.3m,1719.779863834381,28.7m,2006.6086254119873,33.4m,1723.60813331604,28.7m,3.2%
65,65,0.002493688771226623,1.8166602764129638,0.616,,,2014.2634563446045,33.6m,1737.4601619243622,29.0m,2024.3591525554657,33.7m,1741.3586685657501,29.0m,3.2%
66,66,0.0024934901772021554,1.7673220195770263,0.654,,,2031.946179151535,33.9m,1755.142958164215,29.3m,2042.087408542633,34.0m,1759.0869271755219,29.3m,3.3%
67,67,0.0024932885149892875,1.7593107500076295,0.646,,,2049.630635738373,34.2m,1772.827514886856,29.5m,2059.825974225998,34.3m,1776.8254981040955,29.6m,3.4%
68,68,0.002493083785085601,1.7051970462799073,0.643,,,2067.323858499527,34.5m,1790.5208468437195,29.8m,2077.5769317150116,34.6m,1794.576461315155,29.9m,3.4%
69,69,0.002492875987996246,1.6730363473892211,0.67,,,2085.015273809433,34.8m,1808.2123756408691,30.1m,2095.326641559601,34.9m,1812.3261771202087,30.2m,3.5%
70,70,0.002492665124233941,1.6113924560546875,0.687,,,2102.703115463257,35.0m,1825.9003324508667,30.4m,2113.075516462326,35.2m,1830.0750572681427,30.5m,3.5%
71,71,0.002492451194318972,1.5766937294006347,0.691,,,2120.3904535770416,35.3m,1843.5877678394318,30.7m,2130.818109512329,35.5m,1847.8176550865173,30.8m,3.5%
72,72,0.002492234198779189,1.5152968454360962,0.699,,,2138.077972650528,35.6m,1861.2753868103027,31.0m,2148.5468516349792,35.8m,1865.546401977539,31.1m,3.6%
73,73,0.002492014138150008,1.4777808322906494,0.734,,,2155.758752346039,35.9m,1878.9562592506409,31.3m,2166.300894498825,36.1m,1883.3004496097565,31.4m,3.6%
74,74,0.0024917910129744055,1.4644475030899047,0.727,,,2173.4360983371735,36.2m,1896.6336829662323,31.6m,2184.047790288925,36.4m,1901.0473504066467,31.7m,3.7%
75,75,0.0024915648238029216,1.4225140600204467,0.754,,,2191.12740111351,36.5m,1914.3251106739044,31.9m,2201.8115670681,36.7m,1918.8111326694489,32.0m,3.8%
76,76,0.0024913355711936556,1.3789450845718383,0.756,,,2208.824846982956,36.8m,1932.0227327346802,32.2m,2219.5621314048767,37.0m,1936.5617015361786,32.3m,3.8%
77,77,0.0024911032557122645,1.3570107564926148,0.77,,,2226.5166523456573,37.1m,1949.7146592140198,32.5m,2237.3309631347656,37.3m,1954.3305394649506,32.6m,3.9%
78,78,0.0024908678779319644,1.3300050592422485,0.773,,,2244.202187538147,37.4m,1967.4002859592438,32.8m,2255.087560415268,37.6m,1972.0871450901031,32.9m,3.9%
79,79,0.002490629438433527,1.2775965137481688,0.79,,,2261.8887810707092,37.7m,1985.0869801044464,33.1m,2272.8300125598907,37.9m,1989.8296010494232,33.2m,4.0%
80,80,0.0024903879378052776,1.2441834583282472,0.789,4.233060235595703,0.1235,2334.659935951233,38.9m,2002.7695434093475,33.4m,2345.720808982849,39.1m,2007.5518293380737,33.5m,4.0%
81,81,0.002490143376643095,1.1966866788864137,0.807,,,2352.3394691944122,39.2m,2020.4491662979126,33.7m,2363.467310190201,39.4m,2025.2983331680298,33.8m,4.0%
82,82,0.0024898957555504093,1.1628009328842164,0.815,,,2370.0182132720947,39.5m,2038.1280188560486,34.0m,2381.2192680835724,39.7m,2043.050300836563,34.1m,4.1%
83,83,0.002489645075138201,1.1326652879714967,0.833,,,2387.699931383133,39.8m,2055.809865474701,34.3m,2398.973756790161,40.0m,2060.8047971725464,34.3m,4.2%
84,84,0.002489391336024999,1.092793215751648,0.835,,,2405.385642528534,40.1m,2073.4956867694855,34.6m,2416.7045364379883,40.3m,2078.535582304001,34.6m,4.2%
85,85,0.0024891345388368805,1.0421897048950195,0.87,,,2423.0681805610657,40.4m,2091.178323030472,34.9m,2434.4431495666504,40.6m,2096.2742023468018,34.9m,4.2%
86,86,0.002488874684207466,1.0193726406097412,0.851,,,2440.7502584457397,40.7m,2108.860494375229,35.1m,2452.1778752803802,40.9m,2114.008933544159,35.2m,4.3%
87,87,0.002488611772777921,0.9965978693962098,0.865,,,2458.4315650463104,41.0m,2126.5418887138367,35.4m,2469.926822900772,41.2m,2131.7578859329224,35.5m,4.3%
88,88,0.0024883458051969533,0.9654367680549621,0.873,,,2476.1113963127136,41.3m,2144.221806526184,35.7m,2487.678950548172,41.5m,2149.510021209717,35.8m,4.4%
89,89,0.0024880767821208113,0.9358730015754699,0.884,,,2493.789228439331,41.6m,2161.899717569351,36.0m,2505.4262557029724,41.8m,2167.257330417633,36.1m,4.5%
90,90,0.0024878047042132838,0.9060707426071167,0.882,,,2511.4735646247864,41.9m,2179.5843875408173,36.3m,2523.154552936554,42.1m,2184.985633611679,36.4m,4.5%
91,91,0.0024875295721456946,0.8626866846084594,0.904,,,2529.158551454544,42.2m,2197.269475698471,36.6m,2540.914927482605,42.3m,2202.746013402939,36.7m,4.5%
92,92,0.0024872513865969053,0.8139309849739075,0.912,,,2546.83832859993,42.4m,2214.949338912964,36.9m,2558.666852712631,42.6m,2220.497947692871,37.0m,4.6%
93,93,0.0024869701482533113,0.8053968381881714,0.912,,,2564.5288982391357,42.7m,2232.6400294303894,37.2m,2576.4313173294067,42.9m,2238.2624173164368,37.3m,4.7%
94,94,0.00248668585780884,0.7828216047286988,0.912,,,2582.2162306308746,43.0m,2250.32749915123,37.5m,2594.174431324005,43.2m,2256.005538702011,37.6m,4.7%
95,95,0.00248639851596495,0.7418008403778076,0.923,,,2599.8981173038483,43.3m,2268.0094997882843,37.8m,2611.9299216270447,43.5m,2273.7610383033752,37.9m,4.8%
96,96,0.002486108123430629,0.7431725525856018,0.913,,,2617.5820813179016,43.6m,2285.6935715675354,38.1m,2629.656958580017,43.8m,2291.488080739975,38.2m,4.8%
97,97,0.0024858146809223903,0.68972856092453,0.939,,,2635.2684075832367,43.9m,2303.3800230026245,38.4m,2647.4050617218018,44.1m,2309.2361903190613,38.5m,4.9%
98,98,0.0024855181891642758,0.6664078111648559,0.94,,,2652.9554946422577,44.2m,2321.067224740982,38.7m,2665.154488801956,44.4m,2326.9856238365173,38.8m,4.9%
99,99,0.0024852186488878484,0.6406259641647339,0.947,,,2670.6444652080536,44.5m,2338.756314754486,39.0m,2682.8846435546875,44.7m,2344.7157850265503,39.1m,5.0%
100,100,0.0024849160608321945,0.6362616529464722,0.947,4.4204802898406985,0.1305,2743.4328916072845,45.7m,2356.444826602936,39.3m,2755.825880765915,45.9m,2362.446868658066,39.4m,5.0%
101,101,0.0024846104257439197,0.6140166969299317,0.945,,,2761.1161625385284,46.0m,2374.1281871795654,39.6m,2773.5821158885956,46.2m,2380.2031106948853,39.7m,5.1%
102,102,0.0024843017443771484,0.59983505153656,0.958,,,2778.8113396167755,46.3m,2391.8235034942627,39.9m,2791.3349375724792,46.5m,2397.955937385559,40.0m,5.1%
103,103,0.0024839900174935215,0.5864567904472351,0.947,,,2796.498276233673,46.6m,2409.5105600357056,40.2m,2809.0648350715637,46.8m,2415.685840368271,40.3m,5.1%
104,104,0.0024836752458621937,0.5425274438858032,0.971,,,2814.18191242218,46.9m,2427.1943061351776,40.5m,2826.8221883773804,47.1m,2433.443199634552,40.6m,5.2%
105,105,0.0024833574302598324,0.5312430114746094,0.966,,,2831.8606095314026,47.2m,2444.873109817505,40.7m,2844.5426049232483,47.4m,2451.163622379303,40.9m,5.2%
106,106,0.0024830365714706166,0.5108330116271973,0.965,,,2849.541338443756,47.5m,2462.5539309978485,41.0m,2862.3019773960114,47.7m,2468.9230003356934,41.1m,5.3%
107,107,0.0024827126702862334,0.4893651008605957,0.959,,,2867.2200145721436,47.8m,2480.2326884269714,41.3m,2880.0562584400177,48.0m,2486.6772904396057,41.4m,5.3%
108,108,0.0024823857275058764,0.48746155977249145,0.961,,,2884.8923897743225,48.1m,2497.905139684677,41.6m,2897.79141998291,48.3m,2504.41246008873,41.7m,5.4%
109,109,0.002482055743936245,0.4537765831947327,0.978,,,2902.5739147663116,48.4m,2515.586740732193,41.9m,2915.512715816498,48.6m,2522.1337583065033,42.0m,5.5%
110,110,0.0024817227203915403,0.4575544319152832,0.965,,,2920.2498869895935,48.7m,2533.262801170349,42.2m,2933.233682870865,48.9m,2539.854730129242,42.3m,5.5%
111,111,0.0024813866576934647,0.42643939685821536,0.976,,,2937.9269213676453,49.0m,2550.9399168491364,42.5m,2950.9817740917206,49.2m,2557.6028270721436,42.6m,5.5%
112,112,0.00248104755667122,0.41090215492248533,0.975,,,2955.6008195877075,49.3m,2568.613917827606,42.8m,2968.6963379383087,49.5m,2575.3173966407776,42.9m,5.6%
113,113,0.0024807054181615043,0.39245085978507993,0.983,,,2973.2786514759064,49.6m,2586.291830778122,43.1m,2986.439171075821,49.8m,2593.06023311615,43.2m,5.7%
114,114,0.0024803602430085096,0.36061460089683534,0.985,,,2990.9585061073303,49.8m,2603.9717853069305,43.4m,3004.1765229701996,50.1m,2610.797590970993,43.5m,5.7%
115,115,0.002480012032063922,0.3646570222377777,0.982,,,3008.6375708580017,50.1m,2621.6509358882904,43.7m,3021.9123644828796,50.4m,2628.533438682556,43.8m,5.8%
116,116,0.0024796607861869175,0.3505498642921448,0.979,,,3026.3208763599396,50.4m,2639.3343300819397,44.0m,3039.6392765045166,50.7m,2646.260356903076,44.1m,5.8%
117,117,0.0024793065062441596,0.34354160475730894,0.982,,,3044.0024523735046,50.7m,2657.016014814377,44.3m,3057.395079135895,51.0m,2664.0161652565002,44.4m,5.9%
118,118,0.0024789491931097992,0.341379958152771,0.985,,,3061.686537027359,51.0m,2674.7002091407776,44.6m,3075.153695821762,51.3m,2681.7747888565063,44.7m,5.9%
119,119,0.0024785888476654716,0.32438750910758973,0.992,,,3079.370058298111,51.3m,2692.3838295936584,44.9m,3092.889792442322,51.5m,2699.510890722275,45.0m,5.9%
120,120,0.0024782254708002925,0.3232722764015198,0.989,4.6065736064910885,0.1263,3152.1653430461884,52.5m,2710.069843530655,45.2m,3165.831290960312,52.8m,2717.238538980484,45.3m,6.0%
121,121,0.002477859063410859,0.3172056291103363,0.985,,,3169.8541929721832,52.8m,2727.758791923523,45.5m,3183.5920445919037,53.1m,2734.9992973804474,45.6m,6.0%
122,122,0.0024774896264012436,0.3097238001823425,0.989,,,3187.5292434692383,53.1m,2745.4339406490326,45.8m,3201.339599132538,53.4m,2752.746857404709,45.9m,6.1%
123,123,0.0024771171606829965,0.3020245404243469,0.985,,,3205.2107059955597,53.4m,2763.115499019623,46.1m,3219.063292980194,53.7m,2770.470558643341,46.2m,6.2%
124,124,0.0024767416671751395,0.284723452091217,0.989,,,3222.890169620514,53.7m,2780.795032262802,46.3m,3236.795322418213,53.9m,2788.20259141922,46.5m,6.2%
125,125,0.0024763631468041653,0.2691423454284668,0.987,,,3240.567741394043,54.0m,2798.472692489624,46.6m,3254.525736808777,54.2m,2805.933009624481,46.8m,6.2%
126,126,0.0024759816005040357,0.2720814709663391,0.99,,,3258.2482390403748,54.3m,2816.153261899948,46.9m,3272.279997110367,54.5m,2823.6872730255127,47.1m,6.3%
127,127,0.002475597029216178,0.25553514683246614,0.99,,,3275.925208091736,54.6m,2833.830317258835,47.2m,3290.026880264282,54.8m,2841.434160709381,47.4m,6.3%
128,128,0.0024752094338894837,0.2452928717136383,0.993,,,3293.6081562042236,54.9m,2851.513372182846,47.5m,3307.7634296417236,55.1m,2859.1707167625427,47.7m,6.4%
129,129,0.002474818815480306,0.22444441413879396,0.993,,,3311.2870259284973,55.2m,2869.1923429965973,47.8m,3325.5148515701294,55.4m,2876.9221427440643,47.9m,6.5%
130,130,0.0024744251749524563,0.21705936098098755,0.994,,,3328.9645648002625,55.5m,2886.8699674606323,48.1m,3343.23823094368,55.7m,2894.645528078079,48.2m,6.5%
131,131,0.0024740285132772042,0.2091639633178711,0.996,,,3346.637764930725,55.8m,2904.5432510375977,48.4m,3360.982940673828,56.0m,2912.390242576599,48.5m,6.6%
132,132,0.0024736288314332728,0.20907101619243623,0.993,,,3364.3118686676025,56.1m,2922.2174446582794,48.7m,3378.7307941913605,56.3m,2930.1381027698517,48.8m,6.6%
133,133,0.002473226130406837,0.2081591647863388,0.994,,,3381.9934117794037,56.4m,2939.899085998535,49.0m,3396.468262195587,56.6m,2947.87557387352,49.1m,6.7%
134,134,0.002472820411191522,0.2005388343334198,0.992,,,3399.66801738739,56.7m,2957.573780298233,49.3m,3414.182505130768,56.9m,2965.5898241996765,49.4m,6.7%
135,135,0.002472411674788399,0.18675855779647826,0.993,,,3417.351849079132,57.0m,2975.2577204704285,49.6m,3431.920273542404,57.2m,2983.3275990486145,49.7m,6.8%
136,136,0.002471999922205985,0.17782349002361297,0.998,,,3435.035346031189,57.3m,2992.941324234009,49.9m,3449.673497200012,57.5m,3001.0808289051056,50.0m,6.8%
137,137,0.0024715851544602385,0.17076415514945983,0.996,,,3452.722192764282,57.5m,3010.6282889842987,50.2m,3467.4054021835327,57.8m,3018.812740802765,50.3m,6.9%
138,138,0.0024711673725745574,0.16409169459342957,0.996,,,3470.408638715744,57.8m,3028.314852952957,50.5m,3485.1696252822876,58.1m,3036.576968193054,50.6m,6.9%
139,139,0.002470746577579777,0.1692157574892044,0.995,,,3488.0877158641815,58.1m,3045.9940276145935,50.8m,3502.917856693268,58.4m,3054.3252050876617,50.9m,7.0%
140,140,0.0024703227705141677,0.15197588455677033,0.999,4.7248003364562985,0.1321,3560.8565204143524,59.3m,3063.6703474521637,51.1m,3575.837070465088,59.6m,3072.046355009079,51.2m,7.0%
141,141,0.0024698959524234307,0.1524530770778656,0.996,,,3578.5352346897125,59.6m,3081.3491444587708,51.4m,3593.5596125125885,59.9m,3089.7689039707184,51.5m,7.0%
142,142,0.002469466124360697,0.15619089818000795,0.996,,,3596.216745853424,59.9m,3099.0307354927063,51.7m,3611.315396785736,1.0h,3107.5246951580048,51.8m,7.1%
143,143,0.0024690332873865254,0.16061055648326875,0.997,,,3613.8932967185974,1.0h,3116.707366704941,51.9m,3629.0430212020874,1.0h,3125.2523250579834,52.1m,7.1%
144,144,0.002468597442568898,0.14826534688472748,0.996,,,3631.5837643146515,1.0h,3134.3979778289795,52.2m,3646.7832922935486,1.0h,3142.9926011562347,52.4m,7.2%
145,145,0.002468158590983218,0.1386937177181244,0.998,,,3649.265681743622,1.0h,3152.080016851425,52.5m,3664.534517765045,1.0h,3160.7438321113586,52.7m,7.2%
146,146,0.002467716733712308,0.14052404713630676,0.995,,,3666.9466502666473,1.0h,3169.7611050605774,52.8m,3682.256193637848,1.0h,3178.4655146598816,53.0m,7.3%
147,147,0.0024672718718464067,0.13766606664657594,0.996,,,3684.6383929252625,1.0h,3187.4529790878296,53.1m,3700.02215051651,1.0h,3196.2314796447754,53.3m,7.3%
148,148,0.002466824006483168,0.12233634573221207,1.0,,,3702.3155920505524,1.0h,3205.13028049469,53.4m,3717.750487804413,1.0h,3213.959822177887,53.6m,7.4%
149,149,0.0024663731387276544,0.13003463864326478,0.997,,,3720.007796764374,1.0h,3222.8226022720337,53.7m,3735.5132761001587,1.0h,3231.72261428833,53.9m,7.4%
150,150,0.0024659192696923366,0.1345505108833313,0.997,,,3737.6892006397247,1.0h,3240.5040998458862,54.0m,3753.2419526576996,1.0h,3249.4512963294983,54.2m,7.5%
151,151,0.002465462400497092,0.1465744820833206,0.992,,,3755.370584487915,1.0h,3258.18559217453,54.3m,3770.9796340465546,1.0h,3267.1889815330505,54.5m,7.5%
152,152,0.002465002532269199,0.13593404614925383,0.996,,,3773.0501346588135,1.0h,3275.8652336597443,54.6m,3788.717273712158,1.1h,3284.926625728607,54.7m,7.6%
153,153,0.002464539666143339,0.13658885091543196,0.997,,,3790.7327411174774,1.1h,3293.54794216156,54.9m,3806.4779844284058,1.1h,3302.6873421669006,55.0m,7.6%
154,154,0.0024640738032615855,0.12249144846200943,0.997,,,3808.4152743816376,1.1h,3311.230562210083,55.2m,3824.2162244319916,1.1h,3320.4255883693695,55.3m,7.7%
155,155,0.00246360494477341,0.1260646240711212,0.996,,,3826.095241546631,1.1h,3328.9106254577637,55.5m,3841.9684438705444,1.1h,3338.177827358246,55.6m,7.8%
156,156,0.0024631330918356746,0.13559044182300567,0.995,,,3843.772571325302,1.1h,3346.5880649089813,55.8m,3859.7191195487976,1.1h,3355.9285061359406,55.9m,7.8%
157,157,0.0024626582456126287,0.12736172771453858,0.998,,,3861.4624886512756,1.1h,3364.2780935764313,56.1m,3877.4690849781036,1.1h,3373.6784765720367,56.2m,7.8%
158,158,0.0024621804072759088,0.12297730886936188,0.998,,,3879.1468403339386,1.1h,3381.9625511169434,56.4m,3895.229123353958,1.1h,3391.4385211467743,56.5m,7.9%
159,159,0.002461699578004533,0.11361921954154969,0.996,,,3896.8313431739807,1.1h,3399.647171974182,56.7m,3912.9622559547424,1.1h,3409.1716573238373,56.8m,8.0%
160,160,0.0024612157589849,0.12112333989143372,0.996,4.756242585754395,0.1312,3969.5866758823395,1.1h,3417.3226268291473,57.0m,3985.8658957481384,1.1h,3426.9006922245026,57.1m,8.0%
161,161,0.0024607289514107854,0.11000790131092071,0.999,,,3987.292028427124,1.1h,3435.028092622757,57.3m,4003.61253118515,1.1h,3444.64733338356,57.4m,8.1%
162,162,0.002460239156483338,0.11537684953212737,0.998,,,4004.9739310741425,1.1h,3452.710130214691,57.5m,4021.367915391922,1.1h,3462.402722597122,57.7m,8.1%
163,163,0.002459746375411078,0.11029636526107787,0.997,,,4022.6533160209656,1.1h,3470.3895964622498,57.8m,4039.119449853897,1.1h,3480.154262304306,58.0m,8.2%
164,164,0.0024592506094098946,0.10854314929246903,0.996,,,4040.34050488472,1.1h,3488.076902627945,58.1m,4056.8810164928436,1.1h,3497.9158346652985,58.3m,8.2%
165,165,0.0024587518597030404,0.10197842127084732,0.998,,,4058.018973350525,1.1h,3505.755466938019,58.4m,4074.6250343322754,1.1h,3515.659858226776,58.6m,8.2%
166,166,0.0024582501275211307,0.09616557228565216,0.999,,,4075.7004733085632,1.1h,3523.437061071396,58.7m,4092.383964061737,1.1h,3533.4187932014465,58.9m,8.3%
167,167,0.0024577454141021396,0.09295632183551789,0.999,,,4093.381532430649,1.1h,3541.1182076931,59.0m,4110.11198425293,1.1h,3551.1468222141266,59.2m,8.3%
168,168,0.002457237720691398,0.0918295794725418,0.997,,,4111.061736106873,1.1h,3558.798506498337,59.3m,4127.861766576767,1.1h,3568.8966102600098,59.5m,8.4%
169,169,0.002456727048541589,0.08924597036838532,0.998,,,4128.736947059631,1.1h,3576.4738035202026,59.6m,4145.61404967308,1.2h,3586.648898124695,59.8m,8.5%
170,170,0.0024562133989127445,0.08137838861346244,0.999,,,4146.414304018021,1.2h,3594.1512610912323,59.9m,4163.355351448059,1.2h,3604.390207052231,1.0h,8.5%
171,171,0.0024556967730722445,0.08671540606021881,0.998,,,4164.085674762726,1.2h,3611.8227021694183,1.0h,4181.094033718109,1.2h,3622.128892183304,1.0h,8.6%
172,172,0.0024551771722948115,0.08688106518983842,0.997,,,4181.763541698456,1.2h,3629.5006606578827,1.0h,4198.82298707962,1.2h,3639.857850790024,1.0h,8.6%
173,173,0.002454654597862509,0.08004468524456024,0.998,,,4199.439879417419,1.2h,3647.1770825386047,1.0h,4216.5763573646545,1.2h,3657.6112263202667,1.0h,8.6%
174,174,0.0024541290510647377,0.08539577376842498,0.998,,,4217.118581056595,1.2h,3664.8558530807495,1.0h,4234.323801279068,1.2h,3675.3586728572845,1.0h,8.7%
175,175,0.0024536005331982315,0.08679632610082626,0.999,,,4234.788735151291,1.2h,3682.5260903835297,1.0h,4252.0663640499115,1.2h,3693.101238489151,1.0h,8.8%
176,176,0.0024530690455670558,0.07971681058406829,0.999,,,4252.46621632576,1.2h,3700.2036516666412,1.0h,4269.816697359085,1.2h,3710.8515741825104,1.0h,8.8%
177,177,0.002452534589482604,0.07676247143745422,0.997,,,4270.15577340126,1.2h,3717.8933432102203,1.0h,4287.558749198914,1.2h,3728.5936312675476,1.0h,8.8%
178,178,0.002451997166263593,0.08776652109622955,1.0,,,4287.832053661346,1.2h,3735.56973028183,1.0h,4305.277384281158,1.2h,3746.3122725486755,1.0h,8.9%
179,179,0.002451456777236062,0.0882556695342064,0.999,,,4305.511456251144,1.2h,3753.249236345291,1.0h,4323.015588998795,1.2h,3764.050503730774,1.0h,8.9%
180,180,0.002450913423733366,0.07909979039430619,1.0,4.7707521446228025,0.1314,4378.270091056824,1.2h,3770.931093454361,1.0h,4395.91930937767,1.2h,3781.7763724327087,1.1h,9.0%
181,181,0.002450367107096176,0.08209456813335418,0.997,,,4395.952464342117,1.2h,3788.613579750061,1.1h,4413.6409204006195,1.2h,3799.4979910850525,1.1h,9.0%
182,182,0.002449817828672474,0.07755193227529526,0.997,,,4413.643538951874,1.2h,3806.304763317108,1.1h,4431.386067390442,1.2h,3817.2431440353394,1.1h,9.1%
183,183,0.0024492655898175507,0.07504584974050522,1.0,,,4431.325607299805,1.2h,3823.9869809150696,1.1h,4449.110563278198,1.2h,3834.967644929886,1.1h,9.2%
184,184,0.0024487103918939997,0.07044638001918793,0.999,,,4449.006427288055,1.2h,3841.6679198741913,1.1h,4466.835480690002,1.2h,3852.6925659179688,1.1h,9.2%
185,185,0.002448152236271717,0.06760140472650528,0.999,,,4466.68684220314,1.2h,3859.348422050476,1.1h,4484.55618429184,1.2h,3870.4132730960846,1.1h,9.2%
186,186,0.0024475911243278963,0.0642320454120636,1.0,,,4484.364448547363,1.2h,3877.0261268615723,1.1h,4502.287074804306,1.3h,3888.1441683769226,1.1h,9.3%
187,187,0.0024470270574470246,0.07231403282284736,0.998,,,4502.042296886444,1.3h,3894.7040712833405,1.1h,4520.0336446762085,1.3h,3905.890742778778,1.1h,9.3%
188,188,0.002446460037020882,0.06977407991886139,0.999,,,4519.722786664963,1.3h,3912.384665250778,1.1h,4537.759308338165,1.3h,3923.6164095401764,1.1h,9.4%
189,189,0.002445890064448535,0.06307387784123421,1.0,,,4537.401412963867,1.3h,3930.063375711441,1.1h,4555.495685100555,1.3h,3941.3527908325195,1.1h,9.4%
190,190,0.0024453171411363338,0.07203018099069596,0.998,,,4555.0808889865875,1.3h,3947.7429406642914,1.1h,4573.244736909866,1.3h,3959.1018464565277,1.1h,9.5%
191,191,0.0024447412684979095,0.07290348291397095,0.998,,,4572.7580399513245,1.3h,3965.4201679229736,1.1h,4590.962455034256,1.3h,3976.8195683956146,1.1h,9.6%
192,192,0.0024441624479541713,0.07195399695634842,0.999,,,4590.436545372009,1.3h,3983.0987689495087,1.1h,4608.682745218277,1.3h,3994.5398631095886,1.1h,9.6%
193,193,0.002443580680933301,0.07744062256813049,0.998,,,4608.1106588840485,1.3h,4000.772959947586,1.1h,4626.4307725429535,1.3h,4012.287896156311,1.1h,9.7%
194,194,0.0024429959688707504,0.06822263151407242,1.0,,,4625.797314882278,1.3h,4018.4596979618073,1.1h,4644.19172668457,1.3h,4030.0488550662994,1.1h,9.7%
195,195,0.0024424083132092394,0.0735687072277069,0.998,,,4643.481793165207,1.3h,4036.144303560257,1.1h,4661.951423883438,1.3h,4047.8085606098175,1.1h,9.8%
196,196,0.0024418177153987487,0.0655082830786705,1.0,,,4661.164217472076,1.3h,4053.8268382549286,1.1h,4679.704704284668,1.3h,4065.5618476867676,1.1h,9.8%
197,197,0.002441224176896521,0.06617751902341842,0.997,,,4678.841408252716,1.3h,4071.504125356674,1.1h,4697.436230421066,1.3h,4083.2933773994446,1.1h,9.8%
198,198,0.0024406276991670523,0.06197527372837067,0.999,,,4696.515144824982,1.3h,4089.177934408188,1.1h,4715.185240507126,1.3h,4101.042392015457,1.1h,9.9%
199,199,0.002440028283682093,0.06696455574035645,1.0,,,4714.1954073905945,1.3h,4106.858303785324,1.1h,4732.93690943718,1.3h,4118.794066429138,1.1h,10.0%
200,200,0.0024394259319206403,0.06453112390637397,0.998,4.778636787033081,0.1338,4786.925236463547,1.3h,4124.5334367752075,1.1h,4805.817889928818,1.3h,4136.539036512375,1.1h,10.0%
201,201,0.002438820645368939,0.06552862465381622,0.998,,,4804.605379581451,1.3h,4142.213655233383,1.2h,4823.538733959198,1.3h,4154.259883642197,1.2h,10.1%
202,202,0.0024382124255204717,0.06942256027460099,1.0,,,4822.281059265137,1.3h,4159.889402389526,1.2h,4841.26372218132,1.3h,4171.984879732132,1.2h,10.1%
203,203,0.002437601273875961,0.07083982992172241,0.998,,,4839.961012125015,1.3h,4177.569441795349,1.2h,4859.020003080368,1.3h,4189.741167783737,1.2h,10.2%
204,204,0.002436987191943364,0.06613259813189507,0.999,,,4857.651305437088,1.3h,4195.259855270386,1.2h,4876.772560834885,1.4h,4207.49373292923,1.2h,10.2%
205,205,0.0024363701812378648,0.06586050254106522,1.0,,,4875.346830606461,1.4h,4212.955504655838,1.2h,4894.519250392914,1.4h,4225.240428209305,1.2h,10.2%
206,206,0.0024357502432818773,0.06601685357093812,0.999,,,4893.037959575653,1.4h,4230.646742582321,1.2h,4912.2654864788055,1.4h,4242.986668586731,1.2h,10.3%
207,207,0.0024351273796050367,0.0657906443476677,0.998,,,4910.711058139801,1.4h,4248.319922924042,1.2h,4930.006620883942,1.4h,4260.72781085968,1.2h,10.3%
208,208,0.002434501591744197,0.06467158329486847,0.999,,,4928.379606485367,1.4h,4265.98854136467,1.2h,4947.749824047089,1.4h,4278.471018314362,1.2h,10.4%
209,209,0.002433872881243427,0.07159964114427567,0.998,,,4946.058946609497,1.4h,4283.66796875,1.2h,4965.497884988785,1.4h,4296.219084978104,1.2h,10.4%
210,210,0.002433241249654008,0.07561005991697312,0.999,,,4963.730107307434,1.4h,4301.339204311371,1.2h,4983.220699310303,1.4h,4313.9419021606445,1.2h,10.5%
211,211,0.002432606698534428,0.07830969512462616,0.999,,,4981.413070440292,1.4h,4319.022264003754,1.2h,5000.945832967758,1.4h,4331.667041778564,1.2h,10.5%
212,212,0.0024319692294503792,0.07297877722978592,0.999,,,4999.0904948711395,1.4h,4336.6997747421265,1.2h,5018.692538738251,1.4h,4349.4137551784515,1.2h,10.6%
213,213,0.002431328843974753,0.0721054944396019,0.998,,,5016.7685441970825,1.4h,4354.377901315689,1.2h,5036.4399745464325,1.4h,4367.161197185516,1.2h,10.7%
214,214,0.0024306855436876363,0.07083829164505005,0.998,,,5034.444188833237,1.4h,4372.053627729416,1.2h,5054.1887447834015,1.4h,4384.9099752902985,1.2h,10.7%
215,215,0.002430039330176309,0.07696999311447143,1.0,,,5052.117770433426,1.4h,4389.727289199829,1.2h,5071.903737545013,1.4h,4402.624974012375,1.2h,10.8%
216,216,0.002429390205035239,0.07994934064149857,0.997,,,5069.797709941864,1.4h,4407.407334327698,1.2h,5089.624840974808,1.4h,4420.346081495285,1.2h,10.8%
217,217,0.0024287381698660775,0.07580847132205963,0.996,,,5087.479929685593,1.4h,4425.089656352997,1.2h,5107.348747968674,1.4h,4438.069993019104,1.2h,10.8%
218,218,0.002428083226277657,0.07120500445365906,1.0,,,5105.154833555222,1.4h,4442.764650344849,1.2h,5125.087324142456,1.4h,4455.808574438095,1.2h,10.9%
219,219,0.002427425375885985,0.07231828022003174,0.999,,,5122.836193084717,1.4h,4460.446106672287,1.2h,5142.811049222946,1.4h,4473.532304286957,1.2h,10.9%
220,220,0.0024267646203142428,0.07034913939237594,0.999,4.8087443649292,0.131,5195.599274396896,1.4h,4478.124444246292,1.2h,5215.721422672272,1.4h,4491.254328966141,1.2h,11.0%
221,221,0.0024261009611927786,0.0730085746049881,0.998,,,5213.287351846695,1.4h,4495.8126764297485,1.2h,5233.453539609909,1.5h,4508.98645234108,1.3h,11.1%
222,222,0.0024254344001591053,0.06697188222408294,1.0,,,5230.971793651581,1.5h,4513.497238636017,1.3h,5251.179097652435,1.5h,4526.712016105652,1.3h,11.1%
223,223,0.002424764938857896,0.057732830584049225,1.0,,,5248.651504278183,1.5h,4531.17703294754,1.3h,5268.930315494537,1.5h,4544.463239908218,1.3h,11.2%
224,224,0.0024240925789409807,0.06408580204844475,1.0,,,5266.329078674316,1.5h,4548.854705572128,1.3h,5286.682075500488,1.5h,4562.215003490448,1.3h,11.2%
225,225,0.0024234173220673396,0.05954158210754395,1.0,,,5284.007688045502,1.5h,4566.533422470093,1.3h,5304.407781600952,1.5h,4579.9407160282135,1.3h,11.2%
226,226,0.002422739169903102,0.05930109703540802,1.0,,,5301.680590867996,1.5h,4584.20641541481,1.3h,5322.124789714813,1.5h,4597.657731056213,1.3h,11.3%
227,227,0.002422058124121541,0.054878480434417724,1.0,,,5319.366755247116,1.5h,4601.8926866054535,1.3h,5339.890468597412,1.5h,4615.423415184021,1.3h,11.3%
228,228,0.00242137418640307,0.06138324379920959,0.999,,,5337.046533107758,1.5h,4619.572555303574,1.3h,5357.64497590065,1.5h,4633.177927494049,1.3h,11.4%
229,229,0.002420687358435237,0.05492672327160835,0.999,,,5354.720895051956,1.5h,4637.247007846832,1.3h,5375.359600782394,1.5h,4650.892562866211,1.3h,11.5%
230,230,0.0024199976419127214,0.05569372040033341,0.999,,,5372.398607969284,1.5h,4654.924820184708,1.3h,5393.093023300171,1.5h,4668.625991106033,1.3h,11.5%
231,231,0.0024193050385373305,0.05689774966239929,0.999,,,5390.077942609787,1.5h,4672.604251623154,1.3h,5410.823678255081,1.5h,4686.356651544571,1.3h,11.6%
232,232,0.0024186095500179938,0.062169231534004214,0.998,,,5407.761494398117,1.5h,4690.287908554077,1.3h,5428.548103809357,1.5h,4704.081082820892,1.3h,11.6%
233,233,0.0024179111780707613,0.06210707676410675,0.998,,,5425.43939614296,1.5h,4707.965909719467,1.3h,5446.269129991531,1.5h,4721.80211520195,1.3h,11.7%
234,234,0.002417209924418795,0.06381624203920365,0.999,,,5443.126968860626,1.5h,4725.653605222702,1.3h,5464.029202699661,1.5h,4739.562195301056,1.3h,11.7%
235,235,0.0024165057907923693,0.06924773389101029,0.999,,,5460.8158049583435,1.5h,4743.342566490173,1.3h,5481.782949209213,1.5h,4757.31594824791,1.3h,11.8%
236,236,0.002415798778928864,0.07082895022630692,1.0,,,5478.496454000473,1.5h,4761.023310422897,1.3h,5499.516904592514,1.5h,4775.049909353256,1.3h,11.8%
237,237,0.0024150888905727598,0.07100772273540497,1.0,,,5496.172029972076,1.5h,4778.698978424072,1.3h,5517.26563668251,1.5h,4792.798646211624,1.3h,11.8%
238,238,0.0024143761274756366,0.0802082290649414,0.999,,,5513.847385406494,1.5h,4796.374433040619,1.3h,5535.017065525055,1.5h,4810.550078868866,1.3h,11.9%
239,239,0.0024136604913961657,0.09864652353525162,0.999,,,5531.529102802277,1.5h,4814.05625128746,1.3h,5552.74818110466,1.5h,4828.281198978424,1.3h,11.9%
240,240,0.0024129419841001087,0.09896948254108429,0.998,4.746739538574219,0.1319,5604.30614233017,1.6h,4831.737361431122,1.3h,5625.689078330994,1.6h,4846.036594629288,1.3h,12.0%
241,241,0.00241222060736031,0.1003464971780777,0.997,,,5621.984440088272,1.6h,4849.415748357773,1.3h,5643.438059329987,1.6h,4863.785581111908,1.4h,12.0%
242,242,0.0024114963629566963,0.1131985130906105,0.996,,,5639.65905380249,1.6h,4867.090441942215,1.4h,5661.183940172195,1.6h,4881.531467437744,1.4h,12.1%
243,243,0.0024107692526762676,0.12978830426931381,0.996,,,5657.335388660431,1.6h,4884.766854763031,1.4h,5678.931898117065,1.6h,4899.279431343079,1.4h,12.2%
244,244,0.0024100392783130966,0.15779611659049989,0.996,,,5675.005874156952,1.6h,4902.4374051094055,1.4h,5696.652912855148,1.6h,4917.000448465347,1.4h,12.2%
245,245,0.0024093064416683225,0.1838163515329361,0.998,,,5692.681554317474,1.6h,4920.113177776337,1.4h,5714.3980939388275,1.6h,4934.745635271072,1.4h,12.2%
246,246,0.002408570744550147,0.23474388313293457,0.994,,,5710.356397390366,1.6h,4937.788102865219,1.4h,5732.115323543549,1.6h,4952.4628694057465,1.4h,12.3%
247,247,0.0024078321887738294,0.28065112280845644,0.991,,,5728.038552284241,1.6h,4955.470368862152,1.4h,5749.875204086304,1.6h,4970.222756624222,1.4h,12.3%
248,248,0.002407090776161683,0.3765578370094299,0.974,,,5745.7120842933655,1.6h,4973.14399266243,1.4h,5767.620770215988,1.6h,4987.968330383301,1.4h,12.4%
249,249,0.0024063465085430685,0.48514285135269164,0.957,,,5763.3853924274445,1.6h,4990.817386388779,1.4h,5785.365759134293,1.6h,5005.713325738907,1.4h,12.4%
250,250,0.002405599387754394,0.6161000866889954,0.933,,,5781.060361623764,1.6h,5008.492441654205,1.4h,5803.079693317413,1.6h,5023.427263975143,1.4h,12.5%
251,251,0.0024048494156391044,0.7085069546699524,0.924,,,5798.730263710022,1.6h,5026.162424325943,1.4h,5820.824884176254,1.6h,5041.172461271286,1.4h,12.6%
252,252,0.0024040965940476822,0.6974794211387634,0.92,,,5816.402029514313,1.6h,5043.834265708923,1.4h,5838.566982746124,1.6h,5058.9145629405975,1.4h,12.6%
253,253,0.00240334092483764,0.6852060999870301,0.92,,,5834.077657699585,1.6h,5061.509981393814,1.4h,5856.3201467990875,1.6h,5076.667731523514,1.4h,12.7%
254,254,0.0024025824098735152,0.6952933206558227,0.914,,,5851.751485347748,1.6h,5079.183904886246,1.4h,5874.044669389725,1.6h,5094.3922600746155,1.4h,12.7%
255,255,0.0024018210510268695,0.6056511492729187,0.944,,,5869.426466703415,1.6h,5096.858988523483,1.4h,5891.79390335083,1.6h,5112.141501665115,1.4h,12.8%
256,256,0.0024010568501762796,0.579119107723236,0.931,,,5887.1032609939575,1.6h,5114.535888195038,1.4h,5909.520744800568,1.6h,5129.8683524131775,1.4h,12.8%
257,257,0.0024002898092073347,0.5321185178756714,0.951,,,5904.783305644989,1.6h,5132.216027021408,1.4h,5927.2723088264465,1.6h,5147.619922637939,1.4h,12.8%
258,258,0.0023995199300126326,0.45661789655685425,0.966,,,5922.462737798691,1.6h,5149.895585298538,1.4h,5945.029274702072,1.7h,5165.376893043518,1.4h,12.9%
259,259,0.0023987472144917734,0.40743428564071654,0.97,,,5940.137622594833,1.7h,5167.5705535411835,1.4h,5962.778230190277,1.7h,5183.125853300095,1.4h,13.0%
260,260,0.0023979716645513563,0.36000107431411743,0.973,4.622941204071045,0.1257,6012.880614995956,1.7h,5185.24430847168,1.4h,6035.6959047317505,1.7h,5200.869008779526,1.4h,13.0%
261,261,0.002397193282104973,0.3244003529548645,0.987,,,6030.555108785629,1.7h,5202.918872594833,1.4h,6053.44025683403,1.7h,5218.613363981247,1.4h,13.1%
262,262,0.0023964120690732056,0.2671877386569977,0.99,,,6048.225165128708,1.7h,5220.589003324509,1.5h,6071.179487943649,1.7h,5236.352598905563,1.5h,13.1%
263,263,0.002395628027383619,0.2337950268983841,0.99,,,6065.895624637604,1.7h,5238.259585142136,1.5h,6088.922496795654,1.7h,5254.095613002777,1.5h,13.2%
264,264,0.002394841158970759,0.19004796695709228,0.996,,,6083.564754486084,1.7h,5255.928786993027,1.5h,6106.63542842865,1.7h,5271.808547735214,1.5h,13.2%
265,265,0.0023940514657761437,0.17343286216259002,0.993,,,6101.250949144363,1.7h,5273.615145921707,1.5h,6124.367949008942,1.7h,5289.5410759449005,1.5h,13.2%
266,266,0.0023932589497482636,0.15119923985004424,0.997,,,6118.9237377643585,1.7h,5291.288022994995,1.5h,6142.108057975769,1.7h,5307.281191110611,1.5h,13.3%
267,267,0.002392463612842573,0.13704449248313905,0.998,,,6136.588937282562,1.7h,5308.953288793564,1.5h,6159.844193458557,1.7h,5325.017329216003,1.5h,13.4%
268,268,0.002391665457021487,0.11328283536434174,0.998,,,6154.268008947372,1.7h,5326.632479190826,1.5h,6177.597020626068,1.7h,5342.770159244537,1.5h,13.4%
269,269,0.0023908644842543752,0.10173467361927033,0.997,,,6171.944010257721,1.7h,5344.308577299118,1.5h,6195.346353054047,1.7h,5360.519497156143,1.5h,13.5%
270,270,0.0023900606965175583,0.08828238153457642,0.999,,,6189.623751878738,1.7h,5361.988434553146,1.5h,6213.067720174789,1.7h,5378.240871191025,1.5h,13.5%
271,271,0.002389254095794303,0.09028459656238556,0.999,,,6207.30230140686,1.7h,5379.6670794487,1.5h,6230.816801071167,1.7h,5395.989956855774,1.5h,13.6%
272,272,0.0023884446840748163,0.083942979991436,0.998,,,6224.976966619492,1.7h,5397.341834783554,1.5h,6248.562372922897,1.7h,5413.735533237457,1.5h,13.6%
273,273,0.002387632463356241,0.07570029467344284,0.999,,,6242.654698371887,1.7h,5415.019656896591,1.5h,6266.290558576584,1.7h,5431.46372461319,1.5h,13.7%
274,274,0.002386817435642651,0.07195945465564728,1.0,,,6260.330530405045,1.7h,5432.695582151413,1.5h,6284.037743091583,1.7h,5449.210913181305,1.5h,13.7%
275,275,0.002385999602945047,0.06903645342588424,0.999,,,6278.009946346283,1.7h,5450.375099182129,1.5h,6301.771418809891,1.8h,5466.9445950984955,1.5h,13.8%
276,276,0.0023851789672813483,0.06297734743356705,0.999,,,6295.6920647621155,1.7h,5468.057320356369,1.5h,6319.526538610458,1.8h,5484.699720144272,1.5h,13.8%
277,277,0.0023843555306763925,0.06023848479986191,0.999,,,6313.374617576599,1.8h,5485.739994049072,1.5h,6337.287574768066,1.8h,5502.460760831833,1.5h,13.9%
278,278,0.0023835292951619284,0.05478757974505424,0.998,,,6331.051021099091,1.8h,5503.416486740112,1.5h,6355.036732196808,1.8h,5520.20992398262,1.5h,13.9%
279,279,0.0023827002627766092,0.055454107344150544,0.998,,,6348.726730585098,1.8h,5521.092297792435,1.5h,6372.768679618835,1.8h,5537.94189286232,1.5h,14.0%
280,280,0.00238186843556599,0.052526902735233305,0.999,4.967000832748413,0.1301,6421.504386425018,1.8h,5538.7660591602325,1.5h,6445.72967004776,1.8h,5555.684930086136,1.5h,14.0%
281,281,0.0023810338155825215,0.05156247937679291,1.0,,,6439.180674791336,1.8h,5556.442429065704,1.5h,6463.478223800659,1.8h,5573.433489561081,1.5h,14.1%
282,282,0.002380196404885546,0.04496706718206406,1.0,,,6456.851652145386,1.8h,5574.113493204117,1.5h,6481.189243793488,1.8h,5591.1445145606995,1.6h,14.1%
283,283,0.0023793562055412906,0.050675610482692715,0.999,,,6474.528520822525,1.8h,5591.790450811386,1.6h,6498.9353058338165,1.8h,5608.89058303833,1.6h,14.1%
284,284,0.002378513219622864,0.05468894451856613,0.998,,,6492.211702823639,1.8h,5609.473729133606,1.6h,6516.68444108963,1.8h,5626.63972401619,1.6h,14.2%
285,285,0.00237766744921025,0.045850724697113036,0.998,,,6509.893826246262,1.8h,5627.1559500694275,1.6h,6534.432928085327,1.8h,5644.388216257095,1.6h,14.2%
286,286,0.0023768188963903037,0.04901378718018532,0.999,,,6527.570659637451,1.8h,5644.832880020142,1.6h,6552.182624340057,1.8h,5662.1379182338715,1.6h,14.3%
287,287,0.0023759675632567443,0.04113720574975014,1.0,,,6545.2537388801575,1.8h,5662.51606297493,1.6h,6569.939357042313,1.8h,5679.894658327103,1.6h,14.3%
288,288,0.0023751134519101515,0.041138802766799924,1.0,,,6562.927806377411,1.8h,5680.190228700638,1.6h,6587.656497478485,1.8h,5697.61180472374,1.6h,14.4%
289,289,0.0023742565644579603,0.039536016374826434,1.0,,,6580.599014282227,1.8h,5697.861503839493,1.6h,6605.381774187088,1.8h,5715.337087869644,1.6h,14.4%
290,290,0.0023733969030144556,0.03708002445101738,0.999,,,6598.2775785923,1.8h,5715.54016494751,1.6h,6623.109524488449,1.8h,5733.06484246254,1.6h,14.5%
291,291,0.0023725344697007656,0.04253502863645554,0.998,,,6615.945538282394,1.8h,5733.208201169968,1.6h,6640.817122936249,1.8h,5750.77244758606,1.6h,14.5%
292,292,0.00237166926664486,0.038929329782724384,1.0,,,6633.621153354645,1.8h,5750.883928775787,1.6h,6658.563078403473,1.8h,5768.5184099674225,1.6h,14.6%
293,293,0.002370801295981541,0.032355548441410066,1.0,,,6651.290989160538,1.8h,5768.553858757019,1.6h,6676.275969028473,1.9h,5786.231305360794,1.6h,14.6%
294,294,0.0023699305598524393,0.029762131229043007,1.0,,,6668.970806598663,1.9h,5786.2338054180145,1.6h,6694.01277422905,1.9h,5803.968113660812,1.6h,14.7%
295,295,0.0023690570604060104,0.03432670149207115,0.999,,,6686.646726846695,1.9h,5803.909831762314,1.6h,6711.741177082062,1.9h,5821.6965239048,1.6h,14.8%
296,296,0.002368180799797527,0.03212379537522793,1.0,,,6704.321715354919,1.9h,5821.5849442481995,1.6h,6729.488224506378,1.9h,5839.443579673767,1.6h,14.8%
297,297,0.0023673017801890753,0.030181674972176553,1.0,,,6721.99778175354,1.9h,5839.261107683182,1.6h,6747.232572317123,1.9h,5857.187933206558,1.6h,14.8%
298,298,0.0023664200037495486,0.03209613773226738,0.999,,,6739.670959711075,1.9h,5856.934359788895,1.6h,6764.975932598114,1.9h,5874.931299209595,1.6h,14.9%
299,299,0.0023655354726546426,0.030672372460365294,0.999,,,6757.347211837769,1.9h,5874.610688924789,1.6h,6782.7199738025665,1.9h,5892.675347566605,1.6h,14.9%
300,300,0.0023646481890868504,0.03052280905842781,1.0,4.975744706726074,0.1295,6830.082515001297,1.9h,5892.280848264694,1.6h,6855.6092274188995,1.9h,5910.395347356796,1.6h,15.0%
301,301,0.0023637581552354552,0.027013915121555328,1.0,,,6847.7598605155945,1.9h,5909.958271741867,1.6h,6873.338980674744,1.9h,5928.125103473663,1.6h,15.0%
302,302,0.002362865373296528,0.02652782344818115,1.0,,,6865.434385299683,1.9h,5927.6328818798065,1.6h,6891.061856269836,1.9h,5945.847985982895,1.7h,15.1%
303,303,0.0023619698454729185,0.029674874037504195,0.999,,,6883.110868692398,1.9h,5945.309437274933,1.7h,6908.805131435394,1.9h,5963.591263771057,1.7h,15.2%
304,304,0.0023610715739742524,0.03092938554286957,0.999,,,6900.777823209763,1.9h,5962.97646522522,1.7h,6926.52636051178,1.9h,5981.312495231628,1.7h,15.2%
305,305,0.0023601705610169265,0.03070734931528568,0.999,,,6918.454738140106,1.9h,5980.6535131931305,1.7h,6944.27787733078,1.9h,5999.064023256302,1.7h,15.2%
306,306,0.0023592668088240998,0.028663826167583464,1.0,,,6936.135652542114,1.9h,5998.334552288055,1.7h,6962.010286808014,1.9h,6016.796438694,1.7h,15.3%
307,307,0.0023583603196256912,0.03166362474858761,0.999,,,6953.813100099564,1.9h,6016.012089967728,1.7h,6979.753819465637,1.9h,6034.539977312088,1.7h,15.3%
308,308,0.0023574510956583727,0.045373700499534604,0.994,,,6971.49233007431,1.9h,6033.691456794739,1.7h,6997.488131284714,1.9h,6052.274293899536,1.7h,15.4%
309,309,0.0023565391391655644,0.034185699760913846,1.0,,,6989.168052196503,1.9h,6051.3672614097595,1.7h,7015.217523097992,1.9h,6070.003693819046,1.7h,15.4%
310,310,0.002355624452397428,0.03105620163679123,0.999,,,7006.850779294968,1.9h,6069.050109863281,1.7h,7032.950371026993,2.0h,6087.7365465164185,1.7h,15.5%
311,311,0.002354707037610862,0.03470250400900841,0.998,,,7024.525759935379,2.0h,6086.725181341171,1.7h,7050.70126247406,2.0h,6105.487442016602,1.7h,15.6%
312,312,0.0023537868970694964,0.028305819869041442,1.0,,,7042.202089309692,2.0h,6104.401581525803,1.7h,7068.447931528091,2.0h,6123.234113931656,1.7h,15.6%
313,313,0.002352864033043687,0.027062942445278168,1.0,,,7059.875566482544,2.0h,6122.075150251389,1.7h,7086.195409536362,2.0h,6140.981606721878,1.7h,15.7%
314,314,0.0023519384478105075,0.02906080475449562,0.999,,,7077.549293994904,2.0h,6139.748950481415,1.7h,7103.9235327243805,2.0h,6158.709733724594,1.7h,15.7%
315,315,0.0023510101436537492,0.03250482270121574,0.998,,,7095.225904941559,2.0h,6157.425668478012,1.7h,7121.650124788284,2.0h,6176.436329841614,1.7h,15.8%
316,316,0.0023500791228639097,0.027779633581638336,0.999,,,7112.8975195884705,2.0h,6175.097355604172,1.7h,7139.396272420883,2.0h,6194.182480335236,1.7h,15.8%
317,317,0.00234914538773819,0.03002089312672615,0.999,,,7130.57070851326,2.0h,6192.77063369751,1.7h,7157.109791278839,2.0h,6211.896007299423,1.7h,15.8%
318,318,0.0023482089405804894,0.029211464434862135,0.999,,,7148.253221511841,2.0h,6210.453272819519,1.7h,7174.848132610321,2.0h,6229.63435292244,1.7h,15.9%
319,319,0.0023472697837013975,0.03426163338124752,0.999,,,7165.9305629730225,2.0h,6228.130731582642,1.7h,7192.565218925476,2.0h,6247.351444244385,1.7h,16.0%
320,320,0.0023463279194181905,0.0264465202242136,1.0,4.9103548652648925,0.1299,7238.692968606949,2.0h,6245.811494588852,1.7h,7265.5023329257965,2.0h,6265.106820344925,1.7h,16.0%
321,321,0.0023453833500548245,0.029056881919503213,0.999,,,7256.37251496315,2.0h,6263.491112470627,1.7h,7283.254833459854,2.0h,6282.859327077866,1.7h,16.1%
322,322,0.0023444360779419316,0.026044416084885596,1.0,,,7274.052068948746,2.0h,6281.170780658722,1.7h,7300.991959095001,2.0h,6300.596458673477,1.8h,16.1%
323,323,0.0023434861054168112,0.027169684737920762,1.0,,,7291.729173183441,2.0h,6298.847989320755,1.7h,7318.743089199066,2.0h,6318.347594261169,1.8h,16.2%
324,324,0.002342533434823426,0.03323658418655395,0.999,,,7309.402525186539,2.0h,6316.5214195251465,1.8h,7336.471602201462,2.0h,6336.076113700867,1.8h,16.2%
325,325,0.0023415780685123954,0.02789946061372757,1.0,,,7327.0841681957245,2.0h,6334.203177213669,1.8h,7354.221667051315,2.0h,6353.826185464859,1.8h,16.2%
326,326,0.0023406200088409916,0.025488090872764588,1.0,,,7344.7613825798035,2.0h,6351.880498886108,1.8h,7371.970608949661,2.0h,6371.575130939484,1.8h,16.3%
327,327,0.0023396592581731313,0.02939199383556843,0.999,,,7362.433842658997,2.0h,6369.553063392639,1.8h,7389.688797235489,2.1h,6389.293324708939,1.8h,16.4%
328,328,0.002338695818879371,0.027449721932411193,1.0,,,7380.112237453461,2.1h,6387.231552839279,1.8h,7407.4151973724365,2.1h,6407.019731521606,1.8h,16.4%
329,329,0.002337729693336902,0.027027391895651818,1.0,,,7397.792887687683,2.1h,6404.912323951721,1.8h,7425.180143356323,2.1h,6424.784682035446,1.8h,16.4%
330,330,0.0023367608839295426,0.02865990924835205,0.999,,,7415.467858314514,2.1h,6422.58738899231,1.8h,7442.932501316071,2.1h,6442.537043809891,1.8h,16.5%
331,331,0.002335789393047734,0.03278082966804505,0.998,,,7433.1454384326935,2.1h,6440.265081644058,1.8h,7460.678081274033,2.1h,6460.282629489899,1.8h,16.6%
332,332,0.0023348152230885334,0.026380901902914047,1.0,,,7450.818479537964,2.1h,6457.93821811676,1.8h,7478.407780408859,2.1h,6478.012335062027,1.8h,16.6%
333,333,0.0023338383764556075,0.031896810621023175,0.999,,,7468.495802640915,2.1h,6475.615639448166,1.8h,7496.156939029694,2.1h,6495.761499404907,1.8h,16.7%
334,334,0.0023328588555592295,0.030406898871064188,0.999,,,7486.170889139175,2.1h,6493.290819883347,1.8h,7513.908961772919,2.1h,6513.513529062271,1.8h,16.7%
335,335,0.0023318766628162685,0.028106088608503343,1.0,,,7503.847198486328,2.1h,6510.967227220535,1.8h,7531.658245563507,2.1h,6531.262819051743,1.8h,16.8%
336,336,0.002330891800650189,0.02890404787659645,1.0,,,7521.51982998848,2.1h,6528.639940500259,1.8h,7549.399465084076,2.1h,6549.004043102264,1.8h,16.8%
337,337,0.0023299042714910387,0.027384876638650895,1.0,,,7539.197602272034,2.1h,6546.317817926407,1.8h,7567.1256330013275,2.1h,6566.730216026306,1.8h,16.9%
338,338,0.0023289140777754493,0.025131086736917496,1.0,,,7556.877267122269,2.1h,6563.997596025467,1.8h,7584.875325918198,2.1h,6584.479914665222,1.8h,16.9%
339,339,0.002327921221946625,0.025876765608787537,1.0,,,7574.552038669586,2.1h,6581.672451734543,1.8h,7602.623112916946,2.1h,6602.227707147598,1.8h,17.0%
340,340,0.002326925706454338,0.027173563495278358,1.0,4.883923450469971,0.1325,7647.281948328018,2.1h,6599.34671998024,1.8h,7675.524114370346,2.1h,6619.960333824158,1.8h,17.0%
341,341,0.002325927533754924,0.027251325517892836,0.999,,,7664.962495088577,2.1h,6617.027535676956,1.8h,7693.276609182358,2.1h,6637.712832689285,1.8h,17.1%
342,342,0.002324926706311276,0.031047572493553163,1.0,,,7682.63955450058,2.1h,6634.704712152481,1.8h,7711.041506767273,2.1h,6655.477753639221,1.8h,17.1%
343,343,0.0023239232265928355,0.02614322616159916,1.0,,,7700.317040920258,2.1h,6652.382288455963,1.8h,7728.795833110809,2.1h,6673.232084751129,1.9h,17.2%
344,344,0.0023229170970755883,0.02633738674223423,1.0,,,7717.9983332157135,2.1h,6670.063688516617,1.9h,7746.54616355896,2.2h,6690.982421398163,1.9h,17.2%
345,345,0.00232190832024206,0.022345802009105683,1.0,,,7735.676735401154,2.1h,6687.74219083786,1.9h,7764.2764937877655,2.2h,6708.712758302689,1.9h,17.2%
346,346,0.002320896898581307,0.0302728178948164,0.998,,,7753.35541844368,2.2h,6705.420978069305,1.9h,7782.024087667465,2.2h,6726.460358142853,1.9h,17.3%
347,347,0.002319882834588911,0.02591214284300804,1.0,,,7771.039134263992,2.2h,6723.104791402817,1.9h,7799.750336885452,2.2h,6744.186611652374,1.9h,17.3%
348,348,0.0023188661307669747,0.02694656275212765,1.0,,,7788.720781803131,2.2h,6740.786550283432,1.9h,7817.510398864746,2.2h,6761.94668006897,1.9h,17.4%
349,349,0.0023178467896241136,0.029050604432821273,1.0,,,7806.402256965637,2.2h,6758.4681351184845,1.9h,7835.267028331757,2.2h,6779.703313827515,1.9h,17.4%
350,350,0.0023168248136754507,0.03721716225147247,0.998,,,7824.082485437393,2.2h,6776.148444890976,1.9h,7853.01921749115,2.2h,6797.455509901047,1.9h,17.5%
351,351,0.0023158002054426098,0.0365267893075943,1.0,,,7841.761014223099,2.2h,6793.827064037323,1.9h,7870.768722772598,2.2h,6815.205019712448,1.9h,17.5%
352,352,0.00231477296745371,0.03437353545427323,0.999,,,7859.439836502075,2.2h,6811.505974292755,1.9h,7888.525124549866,2.2h,6832.961426019669,1.9h,17.6%
353,353,0.0023137431022433592,0.03442003168165684,0.999,,,7877.119746923447,2.2h,6829.185973644257,1.9h,7906.282628536224,2.2h,6850.718933582306,1.9h,17.6%
354,354,0.0023127106123526473,0.030321513429284096,1.0,,,7894.8045127391815,2.2h,6846.8708436489105,1.9h,7924.022958755493,2.2h,6868.459270238876,1.9h,17.7%
355,355,0.00231167550032914,0.02985389968752861,1.0,,,7912.487502574921,2.2h,6864.553950309753,1.9h,7941.7486979961395,2.2h,6886.185016870499,1.9h,17.8%
356,356,0.002310637768726874,0.028234303951263428,1.0,,,7930.170734882355,2.2h,6882.237320423126,1.9h,7959.505820512772,2.2h,6903.9421479702,1.9h,17.8%
357,357,0.0023095974201063486,0.02961143708229065,1.0,,,7947.852211236954,2.2h,6899.918895244598,1.9h,7977.260288715363,2.2h,6921.696621417999,1.9h,17.8%
358,358,0.0023085544570345205,0.028576293647289277,1.0,,,7965.531835317612,2.2h,6917.5986251831055,1.9h,7995.015288352966,2.2h,6939.451628446579,1.9h,17.9%
359,359,0.0023075088820847973,0.03308844467997551,1.0,,,7983.214741230011,2.2h,6935.281621217728,1.9h,8012.7407965660095,2.2h,6957.177142620087,1.9h,17.9%
360,360,0.0023064606978370314,0.033678651005029675,0.998,4.82569337310791,0.1308,8055.973594665527,2.2h,6952.962681055069,1.9h,8085.6337678432465,2.2h,6974.90157532692,1.9h,18.0%
361,361,0.002305409906877513,0.03292298394441605,1.0,,,8073.651811361313,2.2h,6970.6409747600555,1.9h,8103.384558677673,2.3h,6992.652368783951,1.9h,18.1%
362,362,0.002304356511798965,0.03510617554187775,0.999,,,8091.327856063843,2.2h,6988.317101478577,1.9h,8121.133394956589,2.3h,7010.401211023331,1.9h,18.1%
363,363,0.0023033005152005345,0.0345743513405323,1.0,,,8109.006505250931,2.3h,7005.9958283901215,1.9h,8138.855914592743,2.3h,7028.123733520508,2.0h,18.1%
364,364,0.002302241919687788,0.03583540993928909,1.0,,,8126.682321310043,2.3h,7023.671737909317,2.0h,8156.602518320084,2.3h,7045.870342254639,2.0h,18.2%
365,365,0.0023011807278727056,0.04283593954145908,0.999,,,8144.355693817139,2.3h,7041.345183372498,2.0h,8174.346962928772,2.3h,7063.614789962769,2.0h,18.2%
366,366,0.0023001169423736713,0.04046330279111862,1.0,,,8162.030756473541,2.3h,7059.02034330368,2.0h,8192.07334780693,2.3h,7081.341181516647,2.0h,18.3%
367,367,0.002299050565815471,0.04565588699281216,0.998,,,8179.7061059474945,2.3h,7076.695778608322,2.0h,8209.822364807129,2.3h,7099.090204954147,2.0h,18.4%
368,368,0.0022979816008292823,0.04655441004037857,0.999,,,8197.381223678589,2.3h,7094.370975255966,2.0h,8227.542054891586,2.3h,7116.809898376465,2.0h,18.4%
369,369,0.002296910050052671,0.047126230239868165,1.0,,,8215.057280302048,2.3h,7112.047137498856,2.0h,8245.275396823883,2.3h,7134.543248414993,2.0h,18.4%
370,370,0.0022958359161295806,0.042471926301717755,1.0,,,8232.737812519073,2.3h,7129.727741241455,2.0h,8262.997759580612,2.3h,7152.265614032745,2.0h,18.5%
371,371,0.0022947592017103315,0.0396883556842804,1.0,,,8250.414724111557,2.3h,7147.404747962952,2.0h,8280.7302339077,2.3h,7169.99809217453,2.0h,18.6%
372,372,0.0022936799094516085,0.040133265390992164,1.0,,,8268.085393428802,2.3h,7165.075486421585,2.0h,8298.472467184067,2.3h,7187.74032831192,2.0h,18.6%
373,373,0.002292598042016458,0.04324390345811844,0.999,,,8285.761948823929,2.3h,7182.752136230469,2.0h,8316.217806816101,2.3h,7205.4856741428375,2.0h,18.6%
374,374,0.00229151360207428,0.04369749635457992,0.998,,,8303.444265127182,2.3h,7200.4345626831055,2.0h,8333.996450901031,2.3h,7223.264322757721,2.0h,18.7%
375,375,0.002290426592300823,0.04138271760940552,0.999,,,8321.1263961792,2.3h,7218.116819143295,2.0h,8351.732481718063,2.3h,7241.00036072731,2.0h,18.8%
376,376,0.0022893370153781755,0.054245966464281085,0.999,,,8338.813423395157,2.3h,7235.803980588913,2.0h,8369.464325666428,2.3h,7258.73221206665,2.0h,18.8%
377,377,0.00228824487399476,0.05166777610778808,1.0,,,8356.490479707718,2.3h,7253.481122493744,2.0h,8387.210423231125,2.3h,7276.478315830231,2.0h,18.9%
378,378,0.002287150170845326,0.06106384235620499,1.0,,,8374.168296337128,2.3h,7271.159019470215,2.0h,8404.958929538727,2.3h,7294.226830244064,2.0h,18.9%
379,379,0.002286052908630946,0.06117047834396362,1.0,,,8391.848157405853,2.3h,7288.838965654373,2.0h,8422.709147453308,2.3h,7311.977055072784,2.0h,18.9%
380,380,0.002284953090059005,0.0602886638045311,1.0,4.7582774932861325,0.1342,8464.617660284042,2.4h,7306.520539999008,2.0h,8495.677891016006,2.4h,7329.738561630249,2.0h,19.0%
381,381,0.002283850717843196,0.07537232202291488,0.999,,,8482.307251214981,2.4h,7324.21021771431,2.0h,8513.433612823486,2.4h,7347.494288921356,2.0h,19.1%
382,382,0.0022827457947035127,0.07607889759540558,0.998,,,8499.992874860764,2.4h,7341.8959283828735,2.0h,8531.167380809784,2.4h,7365.228061199188,2.0h,19.1%
383,383,0.0022816383233662434,0.08772331082820892,0.993,,,8517.670646905899,2.4h,7359.573780059814,2.0h,8548.91423869133,2.4h,7382.974922657013,2.1h,19.1%
384,384,0.002280528306563963,0.10888048160076141,0.998,,,8535.349421024323,2.4h,7377.252639293671,2.0h,8566.645188331604,2.4h,7400.705877780914,2.1h,19.2%
385,385,0.002279415747035528,0.144032554268837,0.994,,,8553.022070884705,2.4h,7394.925359249115,2.1h,8584.389703512192,2.4h,7418.450395584106,2.1h,19.2%
386,386,0.0022783006475260684,0.18753889274597169,0.996,,,8570.701428174973,2.4h,7412.604803323746,2.1h,8602.13296175003,2.4h,7436.1936576366425,2.1h,19.3%
387,387,0.0022771830107869814,0.280574360370636,0.986,,,8588.379154920578,2.4h,7430.282618045807,2.1h,8619.866465330124,2.4h,7453.927167415619,2.1h,19.4%
388,388,0.0022760628395759245,0.49932696104049684,0.951,,,8606.06358575821,2.4h,7447.967158794403,2.1h,8637.627646684647,2.4h,7471.688352823257,2.1h,19.4%
389,389,0.002274940136656809,0.7801336231231689,0.893,,,8623.743756532669,2.4h,7465.647416830063,2.1h,8655.35965514183,2.4h,7489.420368909836,2.1h,19.4%
390,390,0.0022738149047997927,0.9353736715316773,0.839,,,8641.428619861603,2.4h,7483.332386255264,2.1h,8673.089583158493,2.4h,7507.1503033638,2.1h,19.5%
391,391,0.002272687146781273,0.9678678226470947,0.821,,,8659.108922958374,2.4h,7501.012812137604,2.1h,8690.840898752213,2.4h,7524.901624441147,2.1h,19.6%
392,392,0.0022715568653838814,0.963857237815857,0.834,,,8676.787190198898,2.4h,7518.69118976593,2.1h,8708.591080904007,2.4h,7542.651812314987,2.1h,19.6%
393,393,0.002270424063396474,0.8271929740905761,0.888,,,8694.482627391815,2.4h,7536.386802911758,2.1h,8726.332567930222,2.4h,7560.393306255341,2.1h,19.7%
394,394,0.0022692887436141273,0.7186453857421875,0.911,,,8712.16648387909,2.4h,7554.070785522461,2.1h,8744.092693805695,2.4h,7578.153439044952,2.1h,19.7%
395,395,0.0022681509088381306,0.5757101573944092,0.938,,,8729.852826833725,2.4h,7571.757233381271,2.1h,8761.837629318237,2.4h,7595.898381948471,2.1h,19.8%
396,396,0.002267010561875978,0.4565147519111633,0.971,,,8747.534706830978,2.4h,7589.439220428467,2.1h,8779.593079805374,2.4h,7613.653838396072,2.1h,19.8%
397,397,0.0022658677055413614,0.41797489976882934,0.965,,,8765.217238903046,2.4h,7607.121852636337,2.1h,8797.316306114197,2.4h,7631.377070426941,2.1h,19.9%
398,398,0.002264722342654166,0.36342392015457153,0.972,,,8782.905189990997,2.4h,7624.809916257858,2.1h,8815.057868242264,2.4h,7649.1186373233795,2.1h,19.9%
399,399,0.002263574476040461,0.31657418274879456,0.98,,,8800.580504894257,2.4h,7642.485323905945,2.1h,8832.788524627686,2.5h,7666.849299907684,2.1h,20.0%
400,400,0.0022624241085324923,0.2764166676998138,0.986,4.744032740020752,0.1197,8873.36612701416,2.5h,7660.167903423309,2.1h,8905.75193810463,2.5h,7684.606552362442,2.1h,20.0%
401,401,0.002261271242968678,0.2095608558654785,0.991,,,8891.052031755447,2.5h,7677.85390162468,2.1h,8923.509293079376,2.5h,7702.363913297653,2.1h,20.1%
402,402,0.0022601158821935995,0.16144884932041167,0.994,,,8908.728750228882,2.5h,7695.530722856522,2.1h,8941.234461545944,2.5h,7720.089088916779,2.1h,20.1%
403,403,0.002258958029057994,0.1488993126153946,0.998,,,8926.410955429077,2.5h,7713.2130308151245,2.1h,8958.965572357178,2.5h,7737.820205688477,2.1h,20.2%
404,404,0.0022577976864187497,0.12544211483001708,0.995,,,8944.089171648026,2.5h,7730.891332864761,2.1h,8976.718181610107,2.5h,7755.572820663452,2.2h,20.2%
405,405,0.002256634857138896,0.11060714888572692,1.0,,,8961.76918721199,2.5h,7748.571442604065,2.2h,8994.467660188675,2.5h,7773.322303771973,2.2h,20.2%
406,406,0.002255469544087599,0.1026873727440834,0.997,,,8979.451308965683,2.5h,7766.253680706024,2.2h,9012.20852637291,2.5h,7791.063175678253,2.2h,20.3%
407,407,0.0022543017501401533,0.08531355148553849,0.998,,,8997.132443904877,2.5h,7783.934904098511,2.2h,9029.935236692429,2.5h,7808.789891242981,2.2h,20.3%
408,408,0.0022531314781779736,0.0834338703751564,0.998,,,9014.81287431717,2.5h,7801.615440130234,2.2h,9047.667582273483,2.5h,7826.522241592407,2.2h,20.4%
409,409,0.00225195873108859,0.07430328786373139,0.999,,,9032.494814157486,2.5h,7819.297471284866,2.2h,9065.393275260925,2.5h,7844.247941732407,2.2h,20.4%
410,410,0.002250783511765639,0.07274272269010544,0.997,,,9050.173733234406,2.5h,7836.97648358345,2.2h,9083.14685177803,2.5h,7862.001525878906,2.2h,20.5%
411,411,0.002249605823108858,0.0675503094792366,0.998,,,9067.86073756218,2.5h,7854.6636164188385,2.2h,9100.88420534134,2.5h,7879.738886356354,2.2h,20.5%
412,412,0.002248425668024076,0.059565582334995267,0.998,,,9085.543264389038,2.5h,7872.346255540848,2.2h,9118.613735675812,2.5h,7897.468423604965,2.2h,20.6%
413,413,0.0022472430494232085,0.06764114552736282,0.998,,,9103.242196559906,2.5h,7890.04532623291,2.2h,9136.358659267426,2.5h,7915.213353872299,2.2h,20.6%
414,414,0.0022460579702242496,0.06293766772747039,0.997,,,9120.928513288498,2.5h,7907.731778621674,2.2h,9154.11630320549,2.5h,7932.971004009247,2.2h,20.7%
415,415,0.0022448704333512645,0.05842112722992897,0.996,,,9138.609503746033,2.5h,7925.412858009338,2.2h,9171.866889238358,2.5h,7950.721598148346,2.2h,20.8%
416,416,0.002243680441734382,0.05017110413312912,1.0,,,9156.294000387192,2.5h,7943.097450494766,2.2h,9189.601971149445,2.6h,7968.45668721199,2.2h,20.8%
417,417,0.0022424879983097886,0.053346876502037045,0.997,,,9173.975651741028,2.5h,7960.7792048454285,2.2h,9207.3563747406,2.6h,7986.211096286774,2.2h,20.8%
418,418,0.00224129310601972,0.046005592942237855,1.0,,,9191.661793708801,2.6h,7978.4654545784,2.2h,9225.112197637558,2.6h,8003.966924905777,2.2h,20.9%
419,419,0.0022400957678124535,0.04829945868253708,0.999,,,9209.345488786697,2.6h,7996.149244785309,2.2h,9242.853924751282,2.6h,8021.708657741547,2.2h,20.9%
420,420,0.0022388959866423024,0.039296092748641966,1.0,4.9628267547607425,0.13,9282.10279250145,2.6h,8013.831798553467,2.2h,9315.77927184105,2.6h,8039.461359739304,2.2h,21.0%
421,421,0.002237693765469607,0.04189067965745926,0.999,,,9299.784407615662,2.6h,8031.513491868973,2.2h,9333.53030204773,2.6h,8057.212392807007,2.2h,21.1%
422,422,0.00223648910726073,0.04374220706522465,0.999,,,9317.467254638672,2.6h,8049.196417808533,2.2h,9351.279389858246,2.6h,8074.961487770081,2.2h,21.1%
423,423,0.002235282014988044,0.03664873695373535,1.0,,,9335.144649982452,2.6h,8066.873881816864,2.2h,9369.029217720032,2.6h,8092.711318731308,2.2h,21.1%
424,424,0.002234072491629931,0.04531963549554348,0.997,,,9352.830043315887,2.6h,8084.559364795685,2.2h,9386.78731751442,2.6h,8110.469423294067,2.3h,21.2%
425,425,0.0022328605401707676,0.036312228232622146,1.0,,,9370.50423669815,2.6h,8102.23362994194,2.3h,9404.518937826157,2.6h,8128.201051235199,2.3h,21.2%
426,426,0.0022316461636009252,0.03324309629201889,1.0,,,9388.187959432602,2.6h,8119.917429447174,2.3h,9422.243921279907,2.6h,8145.926040887833,2.3h,21.3%
427,427,0.0022304293649167565,0.03066428829729557,1.0,,,9405.864104509354,2.6h,8137.5936579704285,2.3h,9439.973864078522,2.6h,8163.655988693237,2.3h,21.3%
428,428,0.002229210147120592,0.028662848383188246,1.0,,,9423.543916225433,2.6h,8155.273540496826,2.3h,9457.7291097641,2.6h,8181.411237239838,2.3h,21.4%
429,429,0.002227988513220729,0.028343447417020797,1.0,,,9441.217792987823,2.6h,8172.9475004673,2.3h,9475.472546577454,2.6h,8199.154680252075,2.3h,21.4%
430,430,0.0022267644662314293,0.026344055205583573,1.0,,,9458.89553117752,2.6h,8190.625394821167,2.3h,9493.204878807068,2.6h,8216.887015104294,2.3h,21.5%
431,431,0.0022255380091729064,0.027802623882889746,1.0,,,9476.570105791092,2.6h,8208.30004811287,2.3h,9510.924726247787,2.6h,8234.606866836548,2.3h,21.6%
432,432,0.002224309145071321,0.03198751780390739,0.999,,,9494.242796421051,2.6h,8225.972817897797,2.3h,9528.675104856491,2.6h,8252.35724902153,2.3h,21.6%
433,433,0.0022230778769587738,0.028166232883930206,0.999,,,9511.914196491241,2.6h,8243.644287109375,2.3h,9546.417678833008,2.7h,8270.09982585907,2.3h,21.6%
434,434,0.0022218442078732956,0.030067161351442336,0.999,,,9529.595526695251,2.6h,8261.325724363327,2.3h,9564.150355100632,2.7h,8287.832505702972,2.3h,21.7%
435,435,0.0022206081408588426,0.03074465562403202,0.999,,,9547.28207397461,2.7h,8279.012377738953,2.3h,9581.908616065979,2.7h,8305.590774059296,2.3h,21.8%
436,436,0.0022193696789652873,0.025521870136260987,1.0,,,9564.962718248367,2.7h,8296.693112373352,2.3h,9599.666624307632,2.7h,8323.348787546158,2.3h,21.8%
437,437,0.0022181288252484115,0.02669299250841141,1.0,,,9582.642533540726,2.7h,8314.373016834259,2.3h,9617.414451360703,2.7h,8341.096619844437,2.3h,21.9%
438,438,0.0022168855827698983,0.026687650546431543,1.0,,,9600.332239627838,2.7h,8332.062819242477,2.3h,9635.159757137299,2.7h,8358.841930389404,2.3h,21.9%
439,439,0.0022156399545973245,0.03417862766981125,0.998,,,9618.015810251236,2.7h,8349.74649310112,2.3h,9652.921948671341,2.7h,8376.604127168655,2.3h,21.9%
440,440,0.002214391943804154,0.02782383579015732,1.0,4.946441017150879,0.1296,9690.773468494415,2.7h,8367.42623257637,2.3h,9725.837222576141,2.7h,8394.335839033127,2.3h,22.0%
441,441,0.00221314155346973,0.02546339699625969,1.0,,,9708.45564365387,2.7h,8385.108519077301,2.3h,9743.589053153992,2.7h,8412.087673664093,2.3h,22.1%
442,442,0.0022118887866792664,0.025438758879899978,1.0,,,9726.13404083252,2.7h,8402.786994457245,2.3h,9761.338691234589,2.7h,8429.837314128876,2.3h,22.1%
443,443,0.0022106336465238397,0.023428252026438712,1.0,,,9743.806759119034,2.7h,8420.45980334282,2.3h,9779.064252138138,2.7h,8447.562881946564,2.3h,22.1%
444,444,0.002209376136100384,0.022299201160669326,1.0,,,9761.48330450058,2.7h,8438.13642168045,2.3h,9796.792080402374,2.7h,8465.290712833405,2.4h,22.2%
445,445,0.0022081162585116812,0.022236033737659453,1.0,,,9779.161386728287,2.7h,8455.814594268799,2.3h,9814.51791882515,2.7h,8483.0165579319,2.4h,22.2%
446,446,0.002206854016866354,0.022446457028388978,1.0,,,9796.84330868721,2.7h,8473.496606349945,2.4h,9832.25237441063,2.7h,8500.75101852417,2.4h,22.3%
447,447,0.002205589414278858,0.022071099296212197,1.0,,,9814.531052589417,2.7h,8491.184468269348,2.4h,9850.020932674408,2.7h,8518.519581079483,2.4h,22.4%
448,448,0.0022043224538694753,0.02154480755329132,1.0,,,9832.217224121094,2.7h,8508.870741844177,2.4h,9867.783143758774,2.7h,8536.281797409058,2.4h,22.4%
449,449,0.0022030531387643034,0.02726674997806549,1.0,,,9849.897005081177,2.7h,8526.550609111786,2.4h,9885.515508174896,2.7h,8554.014168977737,2.4h,22.4%
450,450,0.0022017814720952517,0.022051603108644485,1.0,,,9867.573038339615,2.7h,8544.226730108261,2.4h,9903.256768226624,2.8h,8571.755432605743,2.4h,22.5%
451,451,0.002200507457000032,0.02713682731986046,0.999,,,9885.262164115906,2.7h,8561.915977239609,2.4h,9921.018085718155,2.8h,8589.51675581932,2.4h,22.6%
452,452,0.002199231096622149,0.026101069390773772,0.999,,,9902.9446246624,2.8h,8579.598536252975,2.4h,9938.74801659584,2.8h,8607.246694803238,2.4h,22.6%
453,453,0.002197952394110896,0.02420196795463562,0.999,,,9920.621832847595,2.8h,8597.275826692581,2.4h,9956.49762582779,2.8h,8624.996309041977,2.4h,22.7%
454,454,0.0021966713526213426,0.02639320981502533,0.999,,,9938.298861980438,2.8h,8614.952933549881,2.4h,9974.248470306396,2.8h,8642.747159957886,2.4h,22.7%
455,455,0.0021953879753143332,0.022645252361893655,1.0,,,9955.970048189163,2.8h,8632.624197244644,2.4h,9991.97688126564,2.8h,8660.475577116013,2.4h,22.8%
456,456,0.0021941022653564728,0.02825290909409523,0.999,,,9973.651928663254,2.8h,8650.306168794632,2.4h,10009.732529878616,2.8h,8678.231230258942,2.4h,22.8%
457,457,0.0021928142259201233,0.02377046023309231,1.0,,,9991.33225440979,2.8h,8667.986607313156,2.4h,10027.476079463959,2.8h,8695.974783420563,2.4h,22.9%
458,458,0.002191523860183393,0.022319820284843445,1.0,,,10009.02324271202,2.8h,8685.677709579468,2.4h,10045.209149122238,2.8h,8713.707859992981,2.4h,22.9%
459,459,0.0021902311713301323,0.021024047598242758,1.0,,,10026.707365512848,2.8h,8703.361951351166,2.4h,10062.967677116394,2.8h,8731.466393947601,2.4h,22.9%
460,460,0.002188936162549922,0.021650387302041055,1.0,4.9163247566223145,0.13,10099.480657815933,2.8h,8721.044085025787,2.4h,10135.915245056152,2.8h,8749.218501329422,2.4h,23.0%
461,461,0.0021876388370380678,0.023232869043946267,1.0,,,10117.160329580307,2.8h,8738.723834991455,2.4h,10153.640379428864,2.8h,8766.943640708923,2.4h,23.1%
462,462,0.0021863391979955907,0.023698034659028054,1.0,,,10134.838262796402,2.8h,8756.401832818985,2.4h,10171.381131649017,2.8h,8784.684397935867,2.4h,23.1%
463,463,0.002185037248629221,0.02627840182185173,0.999,,,10152.51448893547,2.8h,8774.078156232834,2.4h,10189.126590967178,2.8h,8802.4298620224,2.4h,23.2%
464,464,0.00218373299215139,0.02852062740921974,1.0,,,10170.197006702423,2.8h,8791.760773658752,2.4h,10206.878962278366,2.8h,8820.18223953247,2.5h,23.2%
465,465,0.002182426431780221,0.026164656326174734,1.0,,,10187.880215406418,2.8h,8809.444098949432,2.4h,10224.619106531143,2.8h,8837.922388792038,2.5h,23.2%
466,466,0.0021811175707395205,0.022495025008916855,1.0,,,10205.564069986343,2.8h,8827.128049612045,2.5h,10242.371258974075,2.8h,8855.674544811249,2.5h,23.3%
467,467,0.0021798064122587743,0.029109634712338447,0.998,,,10223.251507520676,2.8h,8844.815575838089,2.5h,10260.114302396774,2.9h,8873.417593955994,2.5h,23.4%
468,468,0.002178492959573135,0.021384237244725227,1.0,,,10240.937026977539,2.8h,8862.50120306015,2.5h,10277.874921321869,2.9h,8891.178218603134,2.5h,23.4%
469,469,0.002177177215923417,0.023995821848511695,0.999,,,10258.62649178505,2.8h,8880.19077038765,2.5h,10295.619460344315,2.9h,8908.92276263237,2.5h,23.4%
470,470,0.0021758591845560866,0.01927512636780739,1.0,,,10276.309158563614,2.9h,8897.873522996902,2.5h,10313.342021226883,2.9h,8926.645332574844,2.5h,23.5%
471,471,0.002174538868723255,0.020278420075774194,1.0,,,10293.996166229248,2.9h,8915.560626983643,2.5h,10331.105966567993,2.9h,8944.409283161163,2.5h,23.5%
472,472,0.0021732162716826707,0.020135358288884162,1.0,,,10311.689142227173,2.9h,8933.253737926483,2.5h,10348.869430541992,2.9h,8962.172751903534,2.5h,23.6%
473,473,0.0021718913966977103,0.02143481031060219,0.999,,,10329.369800329208,2.9h,8950.934497833252,2.5h,10366.6229159832,2.9h,8979.926242113113,2.5h,23.6%
474,474,0.0021705642470373713,0.019769884377717973,1.0,,,10347.056972026825,2.9h,8968.621762990952,2.5h,10384.384535074234,2.9h,8997.687866210938,2.5h,23.7%
475,475,0.002169234825976263,0.02100182318687439,1.0,,,10364.737445354462,2.9h,8986.302319526672,2.5h,10402.13350367546,2.9h,9015.436839103699,2.5h,23.8%
476,476,0.0021679031367946,0.019805632770061494,1.0,,,10382.417513847351,2.9h,9003.982461929321,2.5h,10419.861417293549,2.9h,9033.164757490158,2.5h,23.8%
477,477,0.0021665691827781933,0.021878169029951097,0.999,,,10400.098432779312,2.9h,9021.66348361969,2.5h,10437.615392446518,2.9h,9050.918738365173,2.5h,23.8%
478,478,0.002165232967218441,0.01907324005663395,1.0,,,10417.784798145294,2.9h,9039.349937438965,2.5h,10455.370853424072,2.9h,9068.674204349518,2.5h,23.9%
479,479,0.0021638944934123236,0.017648599952459335,1.0,,,10435.472358465195,2.9h,9057.037589073181,2.5h,10473.137634515762,2.9h,9086.440992116928,2.5h,23.9%
480,480,0.0021625537646623905,0.02230069863796234,0.999,4.86397576751709,0.1317,10508.231467485428,2.9h,9074.717363595963,2.5h,10546.042891025543,2.9h,9104.163923740387,2.5h,24.0%
481,481,0.002161210784276758,0.01970153546333313,0.999,,,10525.912941217422,2.9h,9092.398924827576,2.5h,10563.796152353287,2.9h,9121.917192459106,2.5h,24.1%
482,482,0.0021598655555690955,0.0195195577442646,1.0,,,10543.595645666122,2.9h,9110.081705093384,2.5h,10581.554286003113,2.9h,9139.675329446793,2.5h,24.1%
483,483,0.0021585180818586218,0.01967297565937042,1.0,,,10561.279475927353,2.9h,9127.765643119812,2.5h,10599.292886734009,2.9h,9157.413935184479,2.5h,24.1%
484,484,0.0021571683664700944,0.023055346757173537,0.999,,,10578.963790893555,2.9h,9145.450035095215,2.5h,10617.045889377594,2.9h,9175.16694188118,2.5h,24.2%
485,485,0.0021558164127338016,0.02283477106690407,0.999,,,10596.643055200577,2.9h,9163.129394054413,2.5h,10634.764521598816,3.0h,9192.885578155518,2.6h,24.2%
486,486,0.0021544622239855547,0.021740890495479108,1.0,,,10614.32692694664,2.9h,9180.81336069107,2.6h,10652.507099628448,3.0h,9210.628159284592,2.6h,24.3%
487,487,0.0021531058035666804,0.020717885211110114,1.0,,,10632.013217926025,3.0h,9198.499794006348,2.6h,10670.263482809067,3.0h,9228.384547233582,2.6h,24.3%
488,488,0.0021517471548240107,0.022684869959950445,1.0,,,10649.698309898376,3.0h,9216.184992313385,2.6h,10687.996037483215,3.0h,9246.117107391357,2.6h,24.4%
489,489,0.002150386281109876,0.021738996297121047,1.0,,,10667.383541107178,3.0h,9233.870306015015,2.6h,10705.72277212143,3.0h,9263.843848466873,2.6h,24.4%
490,490,0.0021490231857820984,0.021029779866337778,1.0,,,10685.06298494339,3.0h,9251.549836158752,2.6h,10723.456282377243,3.0h,9281.577366113663,2.6h,24.5%
491,491,0.0021476578722039786,0.021312815055251122,1.0,,,10702.745980739594,3.0h,9269.232904672623,2.6h,10741.19969367981,3.0h,9299.320780992508,2.6h,24.6%
492,492,0.002146290343744293,0.023783404365181924,1.0,,,10720.426862478256,3.0h,9286.913891792297,2.6h,10758.945890426636,3.0h,9317.066984653473,2.6h,24.6%
493,493,0.0021449206037772815,0.026671421974897386,1.0,,,10738.108741760254,3.0h,9304.595853567123,2.6h,10776.699474573135,3.0h,9334.820576667786,2.6h,24.6%
494,494,0.0021435486556826418,0.022981688022613526,1.0,,,10755.79165506363,3.0h,9322.278841972351,2.6h,10794.42835021019,3.0h,9352.549455165863,2.6h,24.7%
495,495,0.0021421745028455193,0.023612964048981666,1.0,,,10773.475780963898,3.0h,9339.963078975677,2.6h,10812.165236711502,3.0h,9370.286351919174,2.6h,24.8%
496,496,0.0021407981486564996,0.02546691766381264,1.0,,,10791.159740447998,3.0h,9357.647158145905,2.6h,10829.924360513687,3.0h,9388.04548215866,2.6h,24.8%
497,497,0.0021394195965116,0.02432293829321861,1.0,,,10808.844500541687,3.0h,9375.332029104233,2.6h,10847.681826591492,3.0h,9405.802952766418,2.6h,24.9%
498,498,0.0021380388498122597,0.02622220940887928,0.999,,,10826.528980493546,3.0h,9393.016605377197,2.6h,10865.437554597855,3.0h,9423.558686494827,2.6h,24.9%
499,499,0.002136655911965335,0.022404502123594284,1.0,,,10844.217086553574,3.0h,9410.704834222794,2.6h,10883.173470497131,3.0h,9441.294607162476,2.6h,24.9%
500,500,0.002135270786383088,0.029214646846055986,0.998,4.835541905212402,0.1311,10916.994171857834,3.0h,9428.38540506363,2.6h,10956.127937793732,3.0h,9459.049493551254,2.6h,25.0%
501,501,0.002133883476483177,0.025064185470342636,1.0,,,10934.673336982727,3.0h,9446.064635515213,2.6h,10973.874295711517,3.0h,9476.795855045319,2.6h,25.1%
502,502,0.0021324939856886527,0.025023224472999574,1.0,,,10952.357743263245,3.0h,9463.74913406372,2.6h,10991.630861520767,3.1h,9494.552429199219,2.6h,25.1%
503,503,0.0021311023174279443,0.02890518940985203,0.999,,,10970.03397989273,3.0h,9481.42544746399,2.6h,11009.352470874786,3.1h,9512.274042129517,2.6h,25.1%
504,504,0.002129708475134856,0.027396350979804994,0.999,,,10987.717554330826,3.1h,9499.109148025513,2.6h,11027.104700803757,3.1h,9530.026279687881,2.6h,25.2%
505,505,0.0021283124622485544,0.02733429556339979,0.999,,,11005.406643152237,3.1h,9516.798337221146,2.6h,11044.865218639374,3.1h,9547.786806583405,2.7h,25.2%
506,506,0.0021269142822135626,0.022393385857343674,1.0,,,11023.087854862213,3.1h,9534.4796500206,2.6h,11062.616624116898,3.1h,9565.538219451904,2.7h,25.3%
507,507,0.0021255139384797504,0.024856932431459425,1.0,,,11040.770102262497,3.1h,9552.161985397339,2.7h,11080.369153499603,3.1h,9583.290753126144,2.7h,25.4%
508,508,0.002124111434502328,0.026029740303754805,1.0,,,11058.450645685196,3.1h,9569.842610359192,2.7h,11098.124368429184,3.1h,9601.045976638794,2.7h,25.4%
509,509,0.0021227067737418334,0.027006313741207124,1.0,,,11076.130056142807,3.1h,9587.522093057632,2.7h,11115.873537540436,3.1h,9618.795148849487,2.7h,25.4%
510,510,0.0021212999596641278,0.031842226356267926,0.999,,,11093.82274055481,3.1h,9605.214911460876,2.7h,11133.640022277832,3.1h,9636.56163930893,2.7h,25.5%
511,511,0.0021198909957403853,0.029974638432264326,1.0,,,11111.50334072113,3.1h,9622.895640134811,2.7h,11151.395972967148,3.1h,9654.317594766617,2.7h,25.6%
512,512,0.0021184798854470845,0.03747022071480751,0.998,,,11129.186880111694,3.1h,9640.57929635048,2.7h,11169.148130178452,3.1h,9672.0697555542,2.7h,25.6%
513,513,0.002117066632265999,0.03629049363732338,0.999,,,11146.864505290985,3.1h,9658.257009506226,2.7h,11186.904901266098,3.1h,9689.826532363892,2.7h,25.7%
514,514,0.002115651239684191,0.03708123818039894,0.999,,,11164.563591003418,3.1h,9675.9562561512,2.7h,11204.68241763115,3.1h,9707.604054927826,2.7h,25.7%
515,515,0.002114233711194001,0.04285275262594223,0.999,,,11182.259341955185,3.1h,9693.652159452438,2.7h,11222.454397916794,3.1h,9725.376044034958,2.7h,25.8%
516,516,0.0021128140502930394,0.05011175188422203,0.998,,,11199.946482896805,3.1h,9711.339418411255,2.7h,11240.190349817276,3.1h,9743.112003087997,2.7h,25.8%
517,517,0.0021113922604841786,0.051357888519763945,1.0,,,11217.633836269379,3.1h,9729.0268740654,2.7h,11257.953662395477,3.1h,9760.875319719315,2.7h,25.9%
518,518,0.0021099683452755437,0.05185239905118942,0.999,,,11235.31344628334,3.1h,9746.706577777863,2.7h,11275.713804721832,3.1h,9778.635466814041,2.7h,25.9%
519,519,0.002108542308180504,0.05981519290804863,1.0,,,11252.997532844543,3.1h,9764.39075922966,2.7h,11293.468308448792,3.1h,9796.389977931976,2.7h,25.9%
520,520,0.002107114152717663,0.07300669270753861,0.997,4.7062173957824704,0.1346,11325.77142572403,3.1h,9782.073503017426,2.7h,11366.426097869873,3.2h,9814.147903442383,2.7h,26.0%
521,521,0.002105683882410854,0.08294981145858765,0.999,,,11343.454016923904,3.2h,9799.756170988083,2.7h,11384.14822769165,3.2h,9831.870035886765,2.7h,26.1%
522,522,0.002104251500789126,0.10497590434551239,0.996,,,11361.14084148407,3.2h,9817.443106651306,2.7h,11401.877036333084,3.2h,9849.598852157593,2.7h,26.1%
523,523,0.0021028170113867387,0.11104381227493286,0.999,,,11378.81929564476,3.2h,9835.121625185013,2.7h,11419.623972892761,3.2h,9867.345791339874,2.7h,26.2%
524,524,0.0021013804177431516,0.14426738905906678,0.995,,,11396.502206087112,3.2h,9852.804615974426,2.7h,11437.356412887573,3.2h,9885.078235149384,2.7h,26.2%
525,525,0.002099941723403017,0.17516231799125673,0.997,,,11414.182268857956,3.2h,9870.484766721725,2.7h,11455.092861413956,3.2h,9902.814689874649,2.8h,26.2%
526,526,0.00209850093191617,0.23274899435043334,0.987,,,11431.862756967545,3.2h,9888.165327072144,2.7h,11472.818999290466,3.2h,9920.540831327438,2.8h,26.3%
527,527,0.0020970580468376208,0.30367808651924133,0.982,,,11449.545158624649,3.2h,9905.847834825516,2.8h,11490.575031518936,3.2h,9938.296874523163,2.8h,26.4%
528,528,0.0020956130717275446,0.4512806167602539,0.959,,,11467.228181123734,3.2h,9923.530967950821,2.8h,11508.335767269135,3.2h,9956.057621479034,2.8h,26.4%
529,529,0.0020941660101512737,0.5304547853469849,0.939,,,11484.913869380951,3.2h,9941.216748476028,2.8h,11526.09713101387,3.2h,9973.818991184235,2.8h,26.5%
530,530,0.0020927168656792888,0.5142137241363526,0.946,,,11502.597974061966,3.2h,9958.90093755722,2.8h,11543.856638908386,3.2h,9991.578506469727,2.8h,26.5%
531,531,0.0020912656418872098,0.5203008518218994,0.954,,,11520.279872179031,3.2h,9976.582910060883,2.8h,11561.608738422394,3.2h,10009.330611944199,2.8h,26.6%
532,532,0.002089812342355787,0.4503394289016724,0.956,,,11537.963703393936,3.2h,9994.266834020615,2.8h,11579.366639852524,3.2h,10027.088518381119,2.8h,26.6%
533,533,0.002088356970670893,0.4233101019859314,0.963,,,11555.63775229454,3.2h,10011.940960884094,2.8h,11597.10890841484,3.2h,10044.830792188644,2.8h,26.7%
534,534,0.0020868995304235125,0.3268166670799255,0.974,,,11573.31514263153,3.2h,10029.618443250656,2.8h,11614.85569024086,3.2h,10062.577580213547,2.8h,26.7%
535,535,0.0020854400252097345,0.26846184992790223,0.986,,,11590.989346981049,3.2h,10047.29272389412,2.8h,11632.59944987297,3.2h,10080.321346282959,2.8h,26.8%
536,536,0.002083978458630743,0.23324886870384215,0.984,,,11608.669739246368,3.2h,10064.973198652267,2.8h,11650.328632116318,3.2h,10098.05053305626,2.8h,26.8%
537,537,0.0020825148342928077,0.19654007518291475,0.988,,,11626.345925807953,3.2h,10082.649445533752,2.8h,11668.052129983902,3.2h,10115.774033546448,2.8h,26.9%
538,538,0.002081049155807277,0.1504522557258606,1.0,,,11644.03063750267,3.2h,10100.334292173386,2.8h,11685.804688453674,3.2h,10133.526598930359,2.8h,26.9%
539,539,0.0020795814267905665,0.12022196519374848,0.997,,,11661.71494102478,3.2h,10118.018699645996,2.8h,11703.533151865005,3.3h,10151.255066633224,2.8h,27.0%
540,540,0.0020781116508641513,0.09081077843904495,0.999,4.865715280151367,0.1285,11734.470235347748,3.3h,10135.7001953125,2.8h,11776.44122505188,3.3h,10168.990901947021,2.8h,27.0%
541,541,0.002076639831654558,0.07614908903837204,0.999,,,11752.152619600296,3.3h,10153.382664680481,2.8h,11794.199046611786,3.3h,10186.748729467392,2.8h,27.1%
542,542,0.002075165972793354,0.06602758759260177,0.999,,,11769.838327884674,3.3h,10171.068457841873,2.8h,11811.95015835762,3.3h,10204.499848127365,2.8h,27.1%
543,543,0.0020736900779171397,0.06027899906039238,0.999,,,11787.51809167862,3.3h,10188.748304843903,2.8h,11829.692914962769,3.3h,10222.242611646652,2.8h,27.2%
544,544,0.0020722121506675387,0.05304065418243408,1.0,,,11805.194915056229,3.3h,10206.425195217133,2.8h,11847.444843530655,3.3h,10239.994548559189,2.8h,27.2%
545,545,0.002070732194691189,0.0448755664229393,0.999,,,11822.878702402115,3.3h,10224.109080076218,2.8h,11865.173712730408,3.3h,10257.723427295685,2.8h,27.3%
546,546,0.0020692502136397356,0.05163266253471375,0.998,,,11840.558068037033,3.3h,10241.788511753082,2.8h,11882.926435709,3.3h,10275.476154565811,2.9h,27.3%
547,547,0.00206776621116982,0.03909605160355568,1.0,,,11858.237145900726,3.3h,10259.46767950058,2.8h,11900.678258419037,3.3h,10293.227982759476,2.9h,27.4%
548,548,0.0020662801909430697,0.0412806399166584,1.0,,,11875.916941642761,3.3h,10277.147567749023,2.9h,11918.397419452667,3.3h,10310.947150707245,2.9h,27.4%
549,549,0.002064792156626092,0.03965807610750199,0.999,,,11893.601066589355,3.3h,10294.831778287888,2.9h,11936.15000128746,3.3h,10328.69973731041,2.9h,27.5%
550,550,0.0020633021118904643,0.034365041702985766,1.0,,,11911.288117408752,3.3h,10312.518942117691,2.9h,11953.914981842041,3.3h,10346.464722394943,2.9h,27.5%
551,551,0.0020618100604127233,0.03530027514696121,0.998,,,11928.966949939728,3.3h,10330.197888374329,2.9h,11971.661511182785,3.3h,10364.211256980896,2.9h,27.6%
552,552,0.002060316005874358,0.03323158928751945,1.0,,,11946.656179904938,3.3h,10347.887238264084,2.9h,11989.4237139225,3.3h,10381.973467111588,2.9h,27.6%
553,553,0.0020588199519617992,0.029164051190018653,0.999,,,11964.339627981186,3.3h,10365.570789575577,2.9h,12007.183092355728,3.3h,10399.732850313187,2.9h,27.7%
554,554,0.0020573219023664116,0.02506143745779991,1.0,,,11982.026945114136,3.3h,10383.258221626282,2.9h,12024.915866851807,3.3h,10417.465629339218,2.9h,27.7%
555,555,0.002055821860784483,0.0295273197889328,0.999,,,11999.711941242218,3.3h,10400.943301439285,2.9h,12042.674658060074,3.3h,10435.22442483902,2.9h,27.8%
556,556,0.0020543198309172176,0.02931875878572464,1.0,,,12017.400378704071,3.3h,10418.631840229034,2.9h,12060.422522068024,3.4h,10452.972294330597,2.9h,27.8%
557,557,0.0020528158164707243,0.025698627799749376,1.0,,,12035.084236621857,3.3h,10436.315778255463,2.9h,12078.166944026947,3.4h,10470.71672296524,2.9h,27.9%
558,558,0.002051309821156009,0.02550045555830002,1.0,,,12052.763903856277,3.3h,10453.995530605316,2.9h,12095.910162687302,3.4h,10488.459948778152,2.9h,27.9%
559,559,0.0020498018486889663,0.025117058485746385,1.0,,,12070.448419809341,3.4h,10471.680132865906,2.9h,12113.668612480164,3.4h,10506.218410491943,2.9h,28.0%
560,560,0.0020482919027903683,0.022473843216896057,1.0,4.964346004486084,0.1298,12143.208236694336,3.4h,10489.36003446579,2.9h,12186.58747458458,3.4h,10523.97093629837,2.9h,28.0%
561,561,0.0020467799871858555,0.027990910530090334,0.999,,,12160.894422769547,3.4h,10507.046317338943,2.9h,12204.352289676666,3.4h,10541.735756874084,2.9h,28.1%
562,562,0.0020452661056059303,0.02258796736598015,1.0,,,12178.582233428955,3.4h,10524.734240293503,2.9h,12222.11312174797,3.4h,10559.496596336365,2.9h,28.1%
563,563,0.0020437502617859445,0.02206726463139057,1.0,,,12196.271451950073,3.4h,10542.42356133461,2.9h,12239.850116491318,3.4h,10577.233597278595,2.9h,28.1%
564,564,0.002042232459466092,0.021228024363517763,1.0,,,12213.958047628403,3.4h,10560.11027598381,2.9h,12257.611195802689,3.4h,10594.994683742523,2.9h,28.2%
565,565,0.002040712702391399,0.019907407239079477,1.0,,,12231.645146608353,3.4h,10577.797493457794,2.9h,12275.361994743347,3.4h,10612.745487213135,2.9h,28.2%
566,566,0.002039190994311715,0.02167388951778412,1.0,,,12249.33457326889,3.4h,10595.487023115158,2.9h,12293.106354236603,3.4h,10630.489856243134,3.0h,28.3%
567,567,0.002037667338981704,0.020151689812541007,1.0,,,12267.01725077629,3.4h,10613.169808149338,2.9h,12310.848619937897,3.4h,10648.232127904892,3.0h,28.3%
568,568,0.0020361417401608345,0.020208198621869088,1.0,,,12284.697366952896,3.4h,10630.850010633469,3.0h,12328.603752374649,3.4h,10665.987268447876,3.0h,28.4%
569,569,0.002034614201613369,0.019767504505813122,0.999,,,12302.385640621185,3.4h,10648.538401603699,3.0h,12346.363539934158,3.4h,10683.747061252594,3.0h,28.4%
570,570,0.0020330847271083567,0.02435488536953926,0.999,,,12320.071036815643,3.4h,10666.2238945961,3.0h,12364.091728687286,3.4h,10701.475256204605,3.0h,28.5%
571,571,0.0020315533204196246,0.02056823343038559,1.0,,,12337.755180358887,3.4h,10683.9081158638,3.0h,12381.83529305458,3.4h,10719.218823432922,3.0h,28.5%
572,572,0.0020300199853257664,0.02207189440727234,0.999,,,12355.446253538132,3.4h,10701.599306344986,3.0h,12399.601197719574,3.4h,10736.984733581543,3.0h,28.6%
573,573,0.0020284847256101337,0.022388555347919465,1.0,,,12373.12975859642,3.4h,10719.282903432846,3.0h,12417.35408616066,3.4h,10754.737627983093,3.0h,28.6%
574,574,0.0020269475450608275,0.019364498764276504,1.0,,,12390.817161798477,3.4h,10736.970407247543,3.0h,12435.097143173218,3.5h,10772.480692625046,3.0h,28.7%
575,575,0.0020254084474706884,0.02194837647676468,0.999,,,12408.500801801682,3.4h,10754.654149055481,3.0h,12452.836702108383,3.5h,10790.220257759094,3.0h,28.7%
576,576,0.0020238674366372857,0.019785906046628953,1.0,,,12426.186533212662,3.5h,10772.339983463287,3.0h,12470.568554401398,3.5h,10807.952115058899,3.0h,28.8%
577,577,0.002022324516362911,0.017647472977638246,1.0,,,12443.87013554573,3.5h,10790.02367067337,3.0h,12488.306832551956,3.5h,10825.69040298462,3.0h,28.8%
578,578,0.002020779690454567,0.01750562158226967,1.0,,,12461.54785323143,3.5h,10807.701483011246,3.0h,12506.056474208832,3.5h,10843.440049648285,3.0h,28.9%
579,579,0.0020192329627239576,0.025081110790371893,0.998,,,12479.227321386337,3.5h,10825.381035804749,3.0h,12523.806118965149,3.5h,10861.18970298767,3.0h,28.9%
580,580,0.0020176843369874796,0.015957913510501385,1.0,4.956095426940918,0.1312,12551.987615585327,3.5h,10843.059760093689,3.0h,12596.732286453247,3.5h,10878.943711996078,3.0h,29.0%
581,581,0.0020161338170662135,0.021672793760895728,0.999,,,12569.671986103058,3.5h,10860.744230031967,3.0h,12614.466135501862,3.5h,10896.677571296692,3.0h,29.0%
582,582,0.002014581406785913,0.016537316292524338,1.0,,,12587.351961135864,3.5h,10878.424275875092,3.0h,12632.215705394745,3.5h,10914.427144050598,3.0h,29.1%
583,583,0.002013027109976996,0.015983339115977286,1.0,,,12605.028418540955,3.5h,10896.100826978683,3.0h,12649.942392349243,3.5h,10932.15383529663,3.0h,29.1%
584,584,0.0020114709304745355,0.021367635317146777,0.999,,,12622.703645706177,3.5h,10913.776114225388,3.0h,12667.666924238205,3.5h,10949.878370523453,3.0h,29.2%
585,585,0.0020099128721182496,0.017931300848722458,1.0,,,12640.386224031448,3.5h,10931.458802461624,3.0h,12685.421350479126,3.5h,10967.632804632187,3.0h,29.2%
586,586,0.002008352938752492,0.019874350026249887,1.0,,,12658.061449050903,3.5h,10949.134103536606,3.0h,12703.15671658516,3.5h,10985.368174314499,3.1h,29.3%
587,587,0.0020067911342262442,0.014688934832811355,1.0,,,12675.750714302063,3.5h,10966.823499917984,3.0h,12720.906500339508,3.5h,11003.117965459824,3.1h,29.3%
588,588,0.002005227462393103,0.016518040284514427,1.0,,,12693.436579704285,3.5h,10984.509458065033,3.1h,12738.665107250214,3.5h,11020.876577615738,3.1h,29.4%
589,589,0.0020036619271112735,0.01606330320239067,1.0,,,12711.118099212646,3.5h,11002.191061019897,3.1h,12756.416662454605,3.5h,11038.628137111664,3.1h,29.4%
590,590,0.002002094532243558,0.02337932628393173,0.997,,,12728.79947757721,3.5h,11019.87253332138,3.1h,12774.168256759644,3.5h,11056.37973690033,3.1h,29.5%
591,591,0.0020005252816573476,0.021930261746048927,0.999,,,12746.488661766052,3.5h,11037.561858415604,3.1h,12791.932359695435,3.6h,11074.143844604492,3.1h,29.5%
592,592,0.0019989541792246124,0.021374646246433256,0.998,,,12764.17628455162,3.5h,11055.249574422836,3.1h,12809.690309762955,3.6h,11091.901799678802,3.1h,29.6%
593,593,0.001997381228821891,0.023845240548253058,0.999,,,12781.861804962158,3.6h,11072.93520975113,3.1h,12827.428835868835,3.6h,11109.640332460403,3.1h,29.6%
594,594,0.001995806434330283,0.01998328836262226,1.0,,,12799.548841953278,3.6h,11090.622367858887,3.1h,12845.165453910828,3.6h,11127.376956224442,3.1h,29.7%
595,595,0.001994229799635436,0.018120934918522836,1.0,,,12817.231986761093,3.6h,11108.305594921112,3.1h,12862.8984644413,3.6h,11145.10997390747,3.1h,29.8%
596,596,0.0019926513286275408,0.017094044744968416,1.0,,,12834.908646821976,3.6h,11125.98234963417,3.1h,12880.627491950989,3.6h,11162.839004993439,3.1h,29.8%
597,597,0.001991071025201317,0.0178858026266098,1.0,,,12852.597578287125,3.6h,11143.671399593353,3.1h,12898.378274440765,3.6h,11180.589791536331,3.1h,29.8%
598,598,0.0019894888932560054,0.01843125893175602,1.0,,,12870.279316186905,3.6h,11161.353225946426,3.1h,12916.104342222214,3.6h,11198.3158659935,3.1h,29.9%
599,599,0.001987904936695361,0.01789647276699543,1.0,,,12887.963883638382,3.6h,11179.037878990173,3.1h,12933.845171451569,3.6h,11216.056699991226,3.1h,29.9%
600,600,0.0019863191594276376,0.02197036372125149,0.999,4.901447101593018,0.1293,12960.714024543762,3.6h,11196.724362373352,3.1h,13006.773925542831,3.6h,11233.815475940704,3.1h,30.0%
601,601,0.001984731565365584,0.020556538671255113,1.0,,,12978.401461362839,3.6h,11214.41191148758,3.1h,13024.53251838684,3.6h,11251.574073314667,3.1h,30.0%
602,602,0.0019831421584264306,0.016514728918671607,1.0,,,12996.081856250763,3.6h,11232.092377901077,3.1h,13042.26395893097,3.6h,11269.305520057678,3.1h,30.1%
603,603,0.0019815509425318806,0.018661891765892506,0.999,,,13013.770380973816,3.6h,11249.780979156494,3.1h,13060.013036489487,3.6h,11287.05460524559,3.1h,30.1%
604,604,0.001979957921608101,0.015992200061678886,1.0,,,13031.448712587357,3.6h,11267.459391355515,3.1h,13077.762894153595,3.6h,11304.804470300674,3.1h,30.2%
605,605,0.0019783630995857133,0.016345344126224518,1.0,,,13049.13320016861,3.6h,11285.1439743042,3.1h,13095.528765678406,3.6h,11322.570348262787,3.1h,30.2%
606,606,0.001976766480399781,0.016718422532081605,0.999,,,13066.819396972656,3.6h,11302.83026432991,3.1h,13113.289515018463,3.6h,11340.33110332489,3.2h,30.3%
607,607,0.001975168067989805,0.018972556605935095,0.999,,,13084.503559589386,3.6h,11320.514511346817,3.1h,13131.048599720001,3.6h,11358.090195178986,3.2h,30.3%
608,608,0.0019735678662997076,0.017425731509923936,1.0,,,13102.188929080963,3.6h,11338.199971199036,3.1h,13148.785190343857,3.7h,11375.826790571213,3.2h,30.4%
609,609,0.0019719658792778276,0.017523514419794082,0.999,,,13119.87107038498,3.6h,11355.882197141647,3.2h,13166.538262605667,3.7h,11393.579868793488,3.2h,30.4%
610,610,0.001970362110876909,0.022559665948152542,0.998,,,13137.550112724304,3.6h,11373.561352491379,3.2h,13184.269356489182,3.7h,11411.310969114304,3.2h,30.5%
611,611,0.0019687565650540915,0.02154633131623268,0.999,,,13155.228610038757,3.7h,11391.239928245544,3.2h,13201.986650705338,3.7h,11429.028267383575,3.2h,30.6%
612,612,0.001967149245770899,0.017275199227035045,1.0,,,13172.90615773201,3.7h,11408.91755247116,3.2h,13219.73074889183,3.7h,11446.772370100021,3.2h,30.6%
613,613,0.0019655401569932318,0.01566059195995331,1.0,,,13190.586517095566,3.7h,11426.597990512848,3.2h,13237.47657251358,3.7h,11464.518197536469,3.2h,30.6%
614,614,0.0019639293026913573,0.016798605114221574,0.999,,,13208.270845413208,3.7h,11444.282404899597,3.2h,13255.230365276337,3.7h,11482.27199625969,3.2h,30.7%
615,615,0.001962316686839898,0.015831608027219772,1.0,,,13225.953084945679,3.7h,11461.96473479271,3.2h,13272.990851402283,3.7h,11500.032487869263,3.2h,30.8%
616,616,0.001960702313417823,0.016964261531829835,0.999,,,13243.63407588005,3.7h,11479.645837545395,3.2h,13290.74854516983,3.7h,11517.790190935135,3.2h,30.8%
617,617,0.0019590861864084387,0.019232344835996628,0.998,,,13261.309490919113,3.7h,11497.321326494217,3.2h,13308.493129014969,3.7h,11535.534779548645,3.2h,30.9%
618,618,0.0019574683097993775,0.02295647596567869,0.999,,,13278.99479842186,3.7h,11515.00672674179,3.2h,13326.230693340302,3.7h,11553.272349596024,3.2h,30.9%
619,619,0.0019558486875825894,0.024737512052059173,0.999,,,13296.678488016129,3.7h,11532.690506458282,3.2h,13343.997250556946,3.7h,11571.038913726807,3.2h,30.9%
620,620,0.001954227323754331,0.01987883423268795,1.0,4.834336546325684,0.1344,13369.466308832169,3.7h,11550.368988990784,3.2h,13416.946559429169,3.7h,11588.769235134125,3.2h,31.0%
621,621,0.0019526042223151562,0.025376909270882608,0.998,,,13387.158316373825,3.7h,11568.061095952988,3.2h,13434.71714091301,3.7h,11606.539824724197,3.2h,31.1%
622,622,0.001950979387269907,0.01879952996969223,0.999,,,13404.842973709106,3.7h,11585.74585199356,3.2h,13452.456602573395,3.7h,11624.279297351837,3.2h,31.1%
623,623,0.001949352822627702,0.01829586385190487,1.0,,,13422.531733989716,3.7h,11603.434700489044,3.2h,13470.21680188179,3.7h,11642.039502382278,3.2h,31.1%
624,624,0.0019477245324019275,0.017271330527961253,1.0,,,13440.21555352211,3.7h,11621.118596076965,3.2h,13487.959484815598,3.7h,11659.782191753387,3.2h,31.2%
625,625,0.0019460945206102283,0.018767409324645996,1.0,,,13457.899329662323,3.7h,11638.802444458008,3.2h,13505.683112859726,3.8h,11677.505825281143,3.2h,31.2%
626,626,0.001944462791274496,0.01642224206030369,1.0,,,13475.576829433441,3.7h,11656.480007648468,3.2h,13523.432425737381,3.8h,11695.255144357681,3.2h,31.3%
627,627,0.0019428293484208606,0.01523106176406145,1.0,,,13493.256130933762,3.7h,11674.159401416779,3.2h,13541.17633986473,3.8h,11712.999062776566,3.3h,31.4%
628,628,0.0019411941960796805,0.01628466457128525,1.0,,,13510.93841457367,3.8h,11691.841796636581,3.2h,13558.899375677109,3.8h,11730.72210431099,3.3h,31.4%
629,629,0.001939557338285531,0.013833634480834007,1.0,,,13528.62260055542,3.8h,11709.526092529297,3.3h,13576.627949237823,3.8h,11748.450684070587,3.3h,31.4%
630,630,0.0019379187790771958,0.018107729621231555,0.999,,,13546.299530506134,3.8h,11727.203098535538,3.3h,13594.371887922287,3.8h,11766.19462800026,3.3h,31.5%
631,631,0.0019362785224976578,0.021278412982821463,0.998,,,13563.985342025757,3.8h,11744.888993263245,3.3h,13612.13232922554,3.8h,11783.95507144928,3.3h,31.6%
632,632,0.001934636572594086,0.014909599021077156,1.0,,,13581.66323685646,3.8h,11762.566979408264,3.3h,13629.865129709244,3.8h,11801.68787574768,3.3h,31.6%
633,633,0.0019329929334178293,0.01642868848145008,1.0,,,13599.340011119843,3.8h,11780.243859529495,3.3h,13647.613069057465,3.8h,11819.435823440552,3.3h,31.6%
634,634,0.0019313476090244037,0.018206918001174927,0.999,,,13617.01790881157,3.8h,11797.921827077866,3.3h,13665.35782289505,3.8h,11837.18058013916,3.3h,31.7%
635,635,0.0019297006034734835,0.019509045243263246,0.999,,,13634.6998128891,3.8h,11815.603847265244,3.3h,13683.112467765808,3.8h,11854.935233831406,3.3h,31.8%
636,636,0.0019280519208288915,0.016443232029676437,1.0,,,13652.379567146301,3.8h,11833.28366971016,3.3h,13700.86473107338,3.8h,11872.687499523163,3.3h,31.8%
637,637,0.0019264015651585876,0.015834981732070447,1.0,,,13670.063222885132,3.8h,11850.96744966507,3.3h,13718.612379550934,3.8h,11890.435154676437,3.3h,31.9%
638,638,0.001924749540534661,0.014293167993426323,1.0,,,13687.748484134674,3.8h,11868.652793884277,3.3h,13736.34965467453,3.8h,11908.172435045242,3.3h,31.9%
639,639,0.001923095851033318,0.016746846795082093,0.999,,,13705.42652630806,3.8h,11886.330945968628,3.3h,13754.100539684296,3.8h,11925.923324346542,3.3h,31.9%
640,640,0.0019214405007348732,0.015514262683689594,1.0,4.845160061645508,0.1295,13778.197470903397,3.8h,11904.021701574326,3.3h,13827.048728227615,3.8h,11943.686898708344,3.3h,32.0%
641,641,0.0019197834937237383,0.014471498422324657,1.0,,,13795.881637334824,3.8h,11921.705936193466,3.3h,13844.80079960823,3.8h,11961.4389731884,3.3h,32.0%
642,642,0.0019181248340884142,0.013764659762382508,1.0,,,13813.559063196182,3.8h,11939.383436203003,3.3h,13862.548677444458,3.9h,11979.186856508255,3.3h,32.1%
643,643,0.0019164645259214783,0.020167818784713746,0.999,,,13831.23909163475,3.8h,11957.063536167145,3.3h,13880.30042219162,3.9h,11996.938603878021,3.3h,32.1%
644,644,0.0019148025733195758,0.0171613437384367,1.0,,,13848.919865131378,3.8h,11974.744385957718,3.3h,13898.046498775482,3.9h,12014.684685230255,3.3h,32.2%
645,645,0.00191313898038341,0.019573449045419692,0.999,,,13866.596232652664,3.9h,11992.420819759369,3.3h,13915.778273820877,3.9h,12032.416462421417,3.3h,32.2%
646,646,0.0019114737512177307,0.01801953972876072,0.999,,,13884.277534008026,3.9h,12010.102202415466,3.3h,13933.502389431,3.9h,12050.140582561493,3.3h,32.3%
647,647,0.0019098068899313257,0.017316539376974107,1.0,,,13901.957306623459,3.9h,12027.782046556473,3.3h,13951.230649709702,3.9h,12067.868846654892,3.4h,32.4%
648,648,0.0019081384006370088,0.02429991638660431,0.999,,,13919.634948730469,3.9h,12045.459773778915,3.3h,13968.977550029755,3.9h,12085.615753173828,3.4h,32.4%
649,649,0.0019064682874516123,0.02262204024195671,1.0,,,13937.312829732895,3.9h,12063.137724399567,3.4h,13986.72713971138,3.9h,12103.36534500122,3.4h,32.5%
650,650,0.0019047965544959737,0.022959265261888503,1.0,,,13954.985580444336,3.9h,12080.810564994812,3.4h,14004.471642494202,3.9h,12121.109851837158,3.4h,32.5%
651,651,0.0019031232058949288,0.023436671793460845,1.0,,,13972.66665840149,3.9h,12098.491727113724,3.4h,14022.222882032394,3.9h,12138.861096382141,3.4h,32.6%
652,652,0.0019014482457772985,0.02773198139667511,0.999,,,13990.342813253403,3.9h,12116.167955160141,3.4h,14039.970123052597,3.9h,12156.608340978622,3.4h,32.6%
653,653,0.0018997716782758794,0.029990320712327958,0.999,,,14008.014377593994,3.9h,12133.839596509933,3.4h,14057.711062908173,3.9h,12174.349285364151,3.4h,32.6%
654,654,0.001898093507527437,0.028721371874213218,1.0,,,14025.694057941437,3.9h,12151.519361495972,3.4h,14075.471889019012,3.9h,12192.1101167202,3.4h,32.7%
655,655,0.0018964137376726894,0.026368650555610655,1.0,,,14043.375182390213,3.9h,12169.200582027435,3.4h,14093.206900596619,3.9h,12209.845134496689,3.4h,32.8%
656,656,0.0018947323728563021,0.02438185504078865,1.0,,,14061.05897641182,3.9h,12186.884469985962,3.4h,14110.93695306778,3.9h,12227.575192689896,3.4h,32.8%
657,657,0.0018930494172268763,0.02331709560751915,1.0,,,14078.742271184921,3.9h,12204.567875862122,3.4h,14128.681448698044,3.9h,12245.31969332695,3.4h,32.9%
658,658,0.0018913648749369365,0.021060629323124885,1.0,,,14096.427788496017,3.9h,12222.253493309021,3.4h,14146.429480075836,3.9h,12263.067729711533,3.4h,32.9%
659,659,0.0018896787501429242,0.020485952079296113,1.0,,,14114.11059808731,3.9h,12239.936390399933,3.4h,14164.17020726204,3.9h,12280.808463573456,3.4h,33.0%
660,660,0.0018879910470051844,0.019310247078537943,0.999,4.834083107757569,0.1318,14186.865985631943,3.9h,12257.616428613663,3.4h,14237.074463367462,4.0h,12298.54109454155,3.4h,33.0%
661,661,0.0018863017696879572,0.017569930464029312,1.0,,,14204.550343036652,3.9h,12275.300898075104,3.4h,14254.830197095871,4.0h,12316.296834468842,3.4h,33.1%
662,662,0.001884610922359366,0.016217118568718433,1.0,,,14222.236684560776,4.0h,12292.987325668335,3.4h,14272.591363430023,4.0h,12334.058005094528,3.4h,33.1%
663,663,0.0018829185091914088,0.016629161551594735,1.0,,,14239.920734405518,4.0h,12310.671485900879,3.4h,14290.356377601624,4.0h,12351.823027133942,3.4h,33.1%
664,664,0.0018812245343599468,0.018702233135700227,1.0,,,14257.608058691025,4.0h,12328.358899831772,3.4h,14308.118645906448,4.0h,12369.585299491882,3.4h,33.2%
665,665,0.0018795290020446939,0.018261085875332355,1.0,,,14275.288575172424,4.0h,12346.039525270462,3.4h,14325.87372469902,4.0h,12387.340383768082,3.4h,33.2%
666,666,0.0018778319164292087,0.023247610345482825,0.998,,,14292.968584299088,4.0h,12363.719636917114,3.4h,14343.600313425064,4.0h,12405.066977977753,3.4h,33.3%
667,667,0.0018761332817008806,0.02153087842464447,0.999,,,14310.64560675621,4.0h,12381.396744728088,3.4h,14361.348599433899,4.0h,12422.815268278122,3.5h,33.4%
668,668,0.0018744331020509218,0.021910937219858168,1.0,,,14328.321713924408,4.0h,12399.072937488556,3.4h,14379.068814516068,4.0h,12440.535486459732,3.5h,33.4%
669,669,0.0018727313816743567,0.0259952754676342,0.999,,,14345.997921943665,4.0h,12416.749224424362,3.4h,14396.817066192627,4.0h,12458.283743619919,3.5h,33.5%
670,670,0.0018710281247700114,0.026588572800159454,0.997,,,14363.68033361435,4.0h,12434.431750059128,3.5h,14414.586465835571,4.0h,12476.053151369095,3.5h,33.5%
671,671,0.0018693233355405027,0.023059497967362404,1.0,,,14381.363439321518,4.0h,12452.114952802658,3.5h,14432.3493039608,4.0h,12493.815994977951,3.5h,33.6%
672,672,0.0018676170181922288,0.02562607651948929,0.999,,,14399.050325393677,4.0h,12469.801963090897,3.5h,14450.110453128815,4.0h,12511.577148914337,3.5h,33.6%
673,673,0.0018659091769353577,0.03333856810629368,0.999,,,14416.7291264534,4.0h,12487.480853557587,3.5h,14467.856391429901,4.0h,12529.323093652725,3.5h,33.7%
674,674,0.0018641998159838183,0.04051003265380859,0.999,,,14434.41139960289,4.0h,12505.163228750229,3.5h,14485.606174468994,4.0h,12547.072883367538,3.5h,33.7%
675,675,0.001862488939555289,0.046225281894207,0.999,,,14452.09205532074,4.0h,12522.843963623047,3.5h,14503.345869779587,4.0h,12564.812584161758,3.5h,33.8%
676,676,0.001860776551871187,0.05231526187062264,0.999,,,14469.772193193436,4.0h,12540.524189710617,3.5h,14521.069457769394,4.0h,12582.536176204681,3.5h,33.8%
677,677,0.0018590626571566584,0.060288007020950315,1.0,,,14487.454219579697,4.0h,12558.206321001053,3.5h,14538.802698612213,4.0h,12600.269422769547,3.5h,33.9%
678,678,0.0018573472596405689,0.07753840732574463,0.998,,,14505.136773586273,4.0h,12575.888981103897,3.5h,14556.558614253998,4.0h,12618.025343894958,3.5h,33.9%
679,679,0.0018556303635554909,0.09610543012619019,0.997,,,14522.82133436203,4.0h,12593.573615312576,3.5h,14574.30471420288,4.0h,12635.771446228027,3.5h,34.0%
680,680,0.001853911973137694,0.1587699065208435,0.991,4.628247872161865,0.1184,14595.578062295914,4.1h,12611.261198759079,3.5h,14647.205847263336,4.1h,12653.513303279877,3.5h,34.0%
681,681,0.0018521920926271372,0.2767792773246765,0.982,,,14613.259209394455,4.1h,12628.942417144775,3.5h,14664.962657213211,4.1h,12671.270115852356,3.5h,34.1%
682,682,0.0018504707262674538,0.4823211212158203,0.951,,,14630.952882766724,4.1h,12646.636219978333,3.5h,14682.711250305176,4.1h,12689.018714904785,3.5h,34.1%
683,683,0.0018487478783059444,0.7407567410469055,0.899,,,14648.640019416809,4.1h,12664.32344174385,3.5h,14700.43885564804,4.1h,12706.746326446533,3.5h,34.2%
684,684,0.0018470235529935652,0.8256287021636963,0.879,,,14666.320486783981,4.1h,12682.004004478455,3.5h,14718.18369436264,4.1h,12724.49117231369,3.5h,34.2%
685,685,0.001845297754584917,0.7992035899162292,0.89,,,14684.003437280655,4.1h,12699.687056541443,3.5h,14735.940960407257,4.1h,12742.248445034027,3.5h,34.2%
686,686,0.0018435704873382365,0.7626101083755493,0.882,,,14701.683694601059,4.1h,12717.36740064621,3.5h,14753.681950330734,4.1h,12759.989438772202,3.5h,34.3%
687,687,0.0018418417555153832,0.6367720642089844,0.924,,,14719.3688082695,4.1h,12735.05260682106,3.5h,14771.444248199463,4.1h,12777.751741170883,3.5h,34.4%
688,688,0.0018401115633818318,0.5022080106735229,0.947,,,14737.050075531006,4.1h,12752.733956813812,3.5h,14789.200772047043,4.1h,12795.50827050209,3.6h,34.4%
689,689,0.0018383799152066587,0.3971371705532074,0.97,,,14754.7307741642,4.1h,12770.41476726532,3.5h,14806.958128213882,4.1h,12813.265631198883,3.6h,34.4%
690,690,0.0018366468152625343,0.3017805969715118,0.982,,,14772.40897846222,4.1h,12788.093049287796,3.6h,14824.715006351471,4.1h,12831.022517204285,3.6h,34.5%
691,691,0.00183491226782571,0.22912092006206514,0.99,,,14790.085683345795,4.1h,12805.769829750061,3.6h,14842.466603755951,4.1h,12848.774117708206,3.6h,34.5%
692,692,0.001833176277176009,0.17752519023418425,0.997,,,14807.767689704895,4.1h,12823.4519469738,3.6h,14860.211260318756,4.1h,12866.518778800964,3.6h,34.6%
693,693,0.001831438847596816,0.13693782508373262,0.996,,,14825.449830293655,4.1h,12841.13420343399,3.6h,14877.95656132698,4.1h,12884.264086008072,3.6h,34.6%
694,694,0.0018296999833750658,0.12181502759456635,0.999,,,14843.131818294525,4.1h,12858.816307544708,3.6h,14895.709170103073,4.1h,12902.016701936722,3.6h,34.7%
695,695,0.0018279596888012323,0.10698275685310364,0.997,,,14860.809699773788,4.1h,12876.494282245636,3.6h,14913.45208644867,4.1h,12919.759624004364,3.6h,34.8%
696,696,0.0018262179681693207,0.08803754740953446,0.998,,,14878.495821714401,4.1h,12894.180507421494,3.6h,14931.209470272064,4.1h,12937.517014026642,3.6h,34.8%
697,697,0.001824474825776853,0.07712461727857589,0.997,,,14896.180274009705,4.1h,12911.86505818367,3.6h,14948.969079732895,4.2h,12955.276630401611,3.6h,34.8%
698,698,0.0018227302659248588,0.06265137398242951,0.999,,,14913.85943889618,4.1h,12929.544298887253,3.6h,14966.717257976532,4.2h,12973.024812936783,3.6h,34.9%
699,699,0.0018209842929178674,0.056368148386478426,1.0,,,14931.537255048752,4.1h,12947.222206354141,3.6h,14984.468257665634,4.2h,12990.77581834793,3.6h,34.9%
700,700,0.0018192369110638933,0.05343114250898361,1.0,4.8589279708862305,0.128,15004.300685882568,4.2h,12964.901893138885,3.6h,15057.406642913818,4.2h,13008.53400683403,3.6h,35.0%
701,701,0.0018174881246744265,0.05060887432098388,1.0,,,15021.983243465424,4.2h,12982.584550142288,3.6h,15075.163559436798,4.2h,13026.290927410126,3.6h,35.0%
702,702,0.001815737938064425,0.05144977381825447,1.0,,,15039.66640329361,4.2h,13000.267810583115,3.6h,15092.896505117416,4.2h,13044.023877382278,3.6h,35.1%
703,703,0.0018139863555522997,0.046850153595209124,0.999,,,15057.35226559639,4.2h,13017.95377254486,3.6h,15110.627183198929,4.2h,13061.75456237793,3.6h,35.1%
704,704,0.001812233381459906,0.04859857612848282,0.997,,,15075.03472995758,4.2h,13035.6363530159,3.6h,15128.357214212418,4.2h,13079.484599590302,3.6h,35.2%
705,705,0.0018104790201125339,0.03837501195073128,0.999,,,15092.717373847961,4.2h,13053.319081783295,3.6h,15146.07984828949,4.2h,13097.207239151001,3.6h,35.2%
706,706,0.0018087232758388948,0.035719217985868454,0.999,,,15110.410328388214,4.2h,13071.012126922607,3.6h,15163.84321141243,4.2h,13114.970609664917,3.6h,35.3%
707,707,0.0018069661529711138,0.03440728557109833,1.0,,,15128.095220804214,4.2h,13088.697127342224,3.6h,15181.599159002304,4.2h,13132.726562976837,3.6h,35.4%
708,708,0.0018052076558447167,0.03165164062380791,1.0,,,15145.77686047554,4.2h,13106.378878593445,3.6h,15199.333203077316,4.2h,13150.460611581802,3.7h,35.4%
709,709,0.0018034477887986203,0.032613897532224656,0.999,,,15163.454611301422,4.2h,13124.056726932526,3.6h,15217.079763412476,4.2h,13168.207178354263,3.7h,35.4%
710,710,0.0018016865561751216,0.03171246901154518,1.0,,,15181.133676052094,4.2h,13141.735875368118,3.7h,15234.812232494354,4.2h,13185.939654111862,3.7h,35.5%
711,711,0.0017999239623198873,0.02592011684179306,1.0,,,15198.81761431694,4.2h,13159.419905424118,3.7h,15252.564598798752,4.2h,13203.692024707794,3.7h,35.5%
712,712,0.0017981600115819425,0.02824893543124199,1.0,,,15216.499314308167,4.2h,13177.101690769196,3.7h,15270.292572021484,4.2h,13221.420005083084,3.7h,35.6%
713,713,0.0017963947083136594,0.027960884869098663,1.0,,,15234.191768407822,4.2h,13194.794271945953,3.7h,15288.059155464172,4.2h,13239.186596632004,3.7h,35.6%
714,714,0.0017946280568707496,0.022166195169091223,1.0,,,15251.874774217606,4.2h,13212.477396249771,3.7h,15305.820803403854,4.3h,13256.948249816895,3.7h,35.7%
715,715,0.0017928600616122492,0.0272701608389616,1.0,,,15269.558792829514,4.2h,13230.161499500275,3.7h,15323.574768543243,4.3h,13274.702222585678,3.7h,35.8%
716,716,0.0017910907269005109,0.02437717440724373,1.0,,,15287.242155790329,4.2h,13247.84496974945,3.7h,15341.328279733658,4.3h,13292.455740451813,3.7h,35.8%
717,717,0.0017893200571011923,0.02872878536581993,0.999,,,15304.921861886978,4.3h,13265.524753570557,3.7h,15359.080962181091,4.3h,13310.208426475525,3.7h,35.9%
718,718,0.0017875480565832452,0.021566927909851073,1.0,,,15322.605601549149,4.3h,13283.208590269089,3.7h,15376.839573383331,4.3h,13327.967044115067,3.7h,35.9%
719,719,0.001785774729718904,0.02035571537911892,1.0,,,15340.28580737114,4.3h,13300.888898849487,3.7h,15394.588829517365,4.3h,13345.716303825378,3.7h,35.9%
720,720,0.0017840000808836771,0.022420021310448648,1.0,4.910046892547608,0.132,15413.037779331207,4.3h,13318.565561056137,3.7h,15467.51548910141,4.3h,13363.45864367485,3.7h,36.0%
721,721,0.0017822241144563342,0.022410794973373414,0.999,,,15430.71592783928,4.3h,13336.243795633316,3.7h,15485.268035173416,4.3h,13381.21119427681,3.7h,36.0%
722,722,0.0017804468348188959,0.02063914830982685,1.0,,,15448.400254487991,4.3h,13353.928221702576,3.7h,15502.999665737152,4.3h,13398.942829370499,3.7h,36.1%
723,723,0.001778668246356623,0.021955191731452942,0.999,,,15466.083643198013,4.3h,13371.611707687378,3.7h,15520.754195451736,4.3h,13416.697365999222,3.7h,36.1%
724,724,0.001776888353458005,0.02077043154835701,1.0,,,15483.772504091263,4.3h,13389.30066037178,3.7h,15538.514793395996,4.3h,13434.457971096039,3.7h,36.2%
725,725,0.0017751071605147512,0.02242959402501583,1.0,,,15501.455564022064,4.3h,13406.983828783035,3.7h,15556.279689311981,4.3h,13452.222874641418,3.7h,36.2%
726,726,0.0017733246719217786,0.022760325729846955,0.999,,,15519.138186454773,4.3h,13424.666556358337,3.7h,15574.017362356186,4.3h,13469.960552692413,3.7h,36.3%
727,727,0.0017715408920772001,0.019600181564688682,1.0,,,15536.814363718033,4.3h,13442.342828512192,3.7h,15591.768724679947,4.3h,13487.711920022964,3.7h,36.4%
728,728,0.0017697558253823153,0.0181625934317708,1.0,,,15554.497023820877,4.3h,13460.025575876236,3.7h,15609.526357650757,4.3h,13505.469559907913,3.8h,36.4%
729,729,0.001767969476241599,0.01822978188097477,1.0,,,15572.179744720459,4.3h,13477.70840549469,3.7h,15627.252821207047,4.3h,13523.196027755737,3.8h,36.4%
730,730,0.0017661818490626896,0.01781510102748871,1.0,,,15589.86024260521,4.3h,13495.388966321945,3.7h,15644.985072374344,4.3h,13540.92828130722,3.8h,36.5%
731,731,0.0017643929482563795,0.018401242449879646,1.0,,,15607.539025068283,4.3h,13513.0678524971,3.8h,15662.713593959808,4.4h,13558.656811237335,3.8h,36.5%
732,732,0.0017626027782366043,0.017876090958714484,1.0,,,15625.218447685242,4.3h,13530.747354984283,3.8h,15680.45184135437,4.4h,13576.395067691803,3.8h,36.6%
733,733,0.0017608113434204303,0.0179924451187253,1.0,,,15642.901593923569,4.3h,13548.430614233017,3.8h,15698.210275173187,4.4h,13594.15350651741,3.8h,36.6%
734,734,0.0017590186482280446,0.017370949633419515,1.0,,,15660.582404613495,4.4h,13566.111517190933,3.8h,15715.966303110123,4.4h,13611.90954041481,3.8h,36.7%
735,735,0.001757224697082744,0.01701612262427807,1.0,,,15678.26759672165,4.4h,13583.7968044281,3.8h,15733.729907035828,4.4h,13629.673151254654,3.8h,36.8%
736,736,0.0017554294944109254,0.01789268735051155,1.0,,,15695.944683551788,4.4h,13601.473997116089,3.8h,15751.485015392303,4.4h,13647.428274869919,3.8h,36.8%
737,737,0.0017536330446420725,0.015734676733613014,1.0,,,15713.631254434586,4.4h,13619.160648345947,3.8h,15769.248995065689,4.4h,13665.192259550095,3.8h,36.9%
738,738,0.0017518353522087465,0.018183097034692765,1.0,,,15731.310997486115,4.4h,13636.840486764908,3.8h,15787.00265789032,4.4h,13682.945927858353,3.8h,36.9%
739,739,0.001750036421546575,0.017231983721256255,1.0,,,15749.000626802444,4.4h,13654.530220746994,3.8h,15804.751013278961,4.4h,13700.694289445877,3.8h,37.0%
740,740,0.0017482362570942409,0.01770306070148945,0.999,4.881858779907226,0.1341,15821.745448350906,4.4h,13672.211158037186,3.8h,15877.667224645615,4.4h,13718.446741104126,3.8h,37.0%
741,741,0.00174643486329347,0.01644994455575943,1.0,,,15839.435260295868,4.4h,13689.901089906693,3.8h,15895.43991947174,4.4h,13736.21944141388,3.8h,37.0%
742,742,0.0017446322445890232,0.015797979280352592,1.0,,,15857.113320112228,4.4h,13707.579264163971,3.8h,15913.197618246078,4.4h,13753.977147579193,3.8h,37.1%
743,743,0.0017428284054286825,0.020273882299661636,0.998,,,15874.794279813766,4.4h,13725.26031756401,3.8h,15930.9575009346,4.4h,13771.737036705017,3.8h,37.1%
744,744,0.0017410233502632426,0.018601111590862276,1.0,,,15892.480187654495,4.4h,13742.946335315704,3.8h,15948.69820857048,4.4h,13789.477748632431,3.8h,37.2%
745,745,0.001739217083546497,0.022009409978985785,0.998,,,15910.16408085823,4.4h,13760.630321025848,3.8h,15966.425290822983,4.4h,13807.20483493805,3.8h,37.2%
746,746,0.0017374096097352292,0.02025043597817421,1.0,,,15927.843024492264,4.4h,13778.30935382843,3.8h,15984.146027088165,4.4h,13824.925579309464,3.8h,37.3%
747,747,0.0017356009332892015,0.025604947060346602,0.998,,,15945.530477523804,4.4h,13795.996918439865,3.8h,16001.908442020416,4.4h,13842.688001394272,3.8h,37.4%
748,748,0.001733791058671143,0.018643837675452232,0.999,,,15963.223359107971,4.4h,13813.689917325974,3.8h,16019.659409761429,4.4h,13860.438976049423,3.9h,37.4%
749,749,0.001731979990346739,0.018417137429118158,0.999,,,15980.914353370667,4.4h,13831.381041049957,3.8h,16037.404653072357,4.5h,13878.184223890305,3.9h,37.5%
750,750,0.0017301677327846217,0.015132392093539239,1.0,,,15998.602313041687,4.4h,13849.069105625153,3.8h,16055.15690112114,4.5h,13895.936477422714,3.9h,37.5%
751,751,0.0017283542904563559,0.020912054121494293,0.999,,,16016.281925439835,4.4h,13866.748794078827,3.9h,16072.89973449707,4.5h,13913.679315805435,3.9h,37.5%
752,752,0.00172653966783643,0.017780776858329773,1.0,,,16033.964284181595,4.5h,13884.431241512299,3.9h,16090.654093027115,4.5h,13931.433683395386,3.9h,37.6%
753,753,0.0017247238694022451,0.018979715034365654,0.999,,,16051.649324178696,4.5h,13902.116393566132,3.9h,16108.392061710358,4.5h,13949.171657323837,3.9h,37.6%
754,754,0.0017229068996341035,0.017398953795433044,1.0,,,16069.334209680557,4.5h,13919.801368713379,3.9h,16126.148095607758,4.5h,13966.92769575119,3.9h,37.7%
755,755,0.001721088763015197,0.022862325966358184,0.999,,,16087.014103651047,4.5h,13937.481361865997,3.9h,16143.899154663086,4.5h,13984.678759336472,3.9h,37.8%
756,756,0.0017192694640315975,0.020522266909480096,0.999,,,16104.707685709,4.5h,13955.1750497818,3.9h,16161.64495420456,4.5h,14002.42456316948,3.9h,37.8%
757,757,0.001717449007172244,0.016295238807797433,1.0,,,16122.402953624725,4.5h,13972.870425462723,3.9h,16179.41660451889,4.5h,14020.19622039795,3.9h,37.9%
758,758,0.0017156273969289335,0.018449685588479044,1.0,,,16140.084026575089,4.5h,13990.5515832901,3.9h,16197.148542881012,4.5h,14037.928167581558,3.9h,37.9%
759,759,0.0017138046377963075,0.02214524094760418,0.999,,,16157.7534365654,4.5h,14008.221074104309,3.9h,16214.886912345886,4.5h,14055.666543245316,3.9h,38.0%
760,760,0.001711980734271843,0.0167478783428669,1.0,4.861128028869629,0.1327,16230.528599262238,4.5h,14025.905764818192,3.9h,16287.854339122772,4.5h,14073.421780824661,3.9h,38.0%
761,761,0.001710155690855841,0.015433095172047615,1.0,,,16248.206107616425,4.5h,14043.583346128464,3.9h,16305.601252317429,4.5h,14091.16869878769,3.9h,38.0%
762,762,0.0017083295120514145,0.021482931047677994,0.999,,,16265.889981269836,4.5h,14061.267333984375,3.9h,16323.356567621231,4.5h,14108.924021244049,3.9h,38.1%
763,763,0.0017065022023644782,0.01455641821026802,1.0,,,16283.57114315033,4.5h,14078.948614358902,3.9h,16341.112741947174,4.5h,14126.68020439148,3.9h,38.1%
764,764,0.0017046737663037371,0.015765581205487253,1.0,,,16301.251161575317,4.5h,14096.628720760345,3.9h,16358.869396686554,4.5h,14144.43686580658,3.9h,38.2%
765,765,0.0017028442083806756,0.015284450531005859,1.0,,,16318.931876420975,4.5h,14114.309550523758,3.9h,16376.604646921158,4.5h,14162.17212319374,3.9h,38.2%
766,766,0.001701013533109546,0.014930677875876427,1.0,,,16336.617159843445,4.5h,14131.994969367981,3.9h,16394.365131378174,4.6h,14179.932615041733,3.9h,38.3%
767,767,0.0016991817450073571,0.023670819535851477,0.998,,,16354.299940824509,4.5h,14149.677849769592,3.9h,16412.12293100357,4.6h,14197.690421581268,3.9h,38.4%
768,768,0.001697348848593864,0.016118533194065095,1.0,,,16371.974012851715,4.5h,14167.35202217102,3.9h,16429.876370429993,4.6h,14215.443868875504,3.9h,38.4%
769,769,0.0016955148483915568,0.016006680496037005,1.0,,,16389.650734186172,4.6h,14185.028820037842,3.9h,16447.616757392883,4.6h,14233.184261798859,4.0h,38.5%
770,770,0.0016936797489256487,0.014545842692255975,1.0,,,16407.338173627853,4.6h,14202.716390132904,3.9h,16465.351181030273,4.6h,14250.918691635132,4.0h,38.5%
771,771,0.001691843554724065,0.01528444242477417,1.0,,,16425.01769542694,4.6h,14220.3960044384,4.0h,16483.087290287018,4.6h,14268.65480542183,4.0h,38.6%
772,772,0.0016900062703174325,0.014728326261043548,1.0,,,16442.701505422592,4.6h,14238.079889297485,4.0h,16500.825942993164,4.6h,14286.393461942673,4.0h,38.6%
773,773,0.001688167900239067,0.014236961290240288,1.0,,,16460.377616405487,4.6h,14255.756099700928,4.0h,16518.58230829239,4.6h,14304.149832725525,4.0h,38.6%
774,774,0.0016863284490249652,0.012840390026569367,1.0,,,16478.052985191345,4.6h,14273.431546926498,4.0h,16536.334159374237,4.6h,14321.901690006256,4.0h,38.7%
775,775,0.0016844879212137894,0.015262874074280262,1.0,,,16495.729875087738,4.6h,14291.108512163162,4.0h,16554.08309483528,4.6h,14339.650628089905,4.0h,38.8%
776,776,0.0016826463213468596,0.0183205933123827,0.999,,,16513.41390132904,4.6h,14308.792668104172,4.0h,16571.84087204933,4.6h,14357.408414840698,4.0h,38.8%
777,777,0.0016808036539681399,0.014272569365799428,1.0,,,16531.10173392296,4.6h,14326.480599164963,4.0h,16589.600502490997,4.6h,14375.168052911758,4.0h,38.9%
778,778,0.001678959923624229,0.013872088387608528,1.0,,,16548.78072476387,4.6h,14344.159696340561,4.0h,16607.328114271164,4.6h,14392.89567232132,4.0h,38.9%
779,779,0.0016771151348643474,0.013584806211292743,1.0,,,16566.4576253891,4.6h,14361.83667564392,4.0h,16625.055768728256,4.6h,14410.623331785202,4.0h,39.0%
780,780,0.0016752692922403294,0.01735898269712925,1.0,4.814093087768555,0.1361,16639.211452245712,4.6h,14379.516888141632,4.0h,16697.967231035233,4.6h,14428.363072395325,4.0h,39.0%
781,781,0.0016734224003066079,0.018931956231594084,0.998,,,16656.891630411148,4.6h,14397.197130203247,4.0h,16715.714205503464,4.6h,14446.110049724579,4.0h,39.1%
782,782,0.0016715744636202042,0.017371933817863464,0.999,,,16674.57348394394,4.6h,14414.87906908989,4.0h,16733.470110177994,4.6h,14463.865958213806,4.0h,39.1%
783,783,0.0016697254867407193,0.01562768755853176,1.0,,,16692.261702299118,4.6h,14432.567385435104,4.0h,16751.23051404953,4.7h,14481.626369714737,4.0h,39.1%
784,784,0.0016678754742303196,0.015477533161640166,1.0,,,16709.94601249695,4.6h,14450.251804113388,4.0h,16768.971188783646,4.7h,14499.367050170898,4.0h,39.2%
785,785,0.0016660244306537268,0.015848680675029755,0.999,,,16727.6329369545,4.6h,14467.938823699951,4.0h,16786.71557545662,4.7h,14517.111442804337,4.0h,39.2%
786,786,0.0016641723605782068,0.01879643103480339,0.999,,,16745.316578388214,4.7h,14485.622564315796,4.0h,16804.44735956192,4.7h,14534.843232870102,4.0h,39.3%
787,787,0.0016623192685735592,0.01804143501073122,1.0,,,16762.994879961014,4.7h,14503.300959825516,4.0h,16822.19392156601,4.7h,14552.589799880981,4.0h,39.4%
788,788,0.0016604651592121039,0.016006913416087627,1.0,,,16780.675562143326,4.7h,14520.981736183167,4.0h,16839.94615626335,4.7h,14570.342040538788,4.0h,39.4%
789,789,0.0016586100370686715,0.01590945068001747,1.0,,,16798.356536626816,4.7h,14538.66279745102,4.0h,16857.67747449875,4.7h,14588.073365211487,4.1h,39.5%
790,790,0.0016567539067205907,0.016323660522699356,0.999,,,16816.03492283821,4.7h,14556.341266870499,4.0h,16875.40110397339,4.7h,14605.796998977661,4.1h,39.5%
791,791,0.0016548967727476797,0.014231629125773906,1.0,,,16833.712103128433,4.7h,14574.018531799316,4.0h,16893.14713525772,4.7h,14623.54303765297,4.1h,39.6%
792,792,0.0016530386397322317,0.020145300567150116,0.998,,,16851.400166511536,4.7h,14591.706707239151,4.1h,16910.8813829422,4.7h,14641.277290582657,4.1h,39.6%
793,793,0.0016511795122590045,0.017290773913264276,1.0,,,16869.081458091736,4.7h,14609.388096570969,4.1h,16928.639424085617,4.7h,14659.035338163376,4.1h,39.6%
794,794,0.0016493193949152116,0.018558292150497438,0.999,,,16886.76643514633,4.7h,14627.07318687439,4.1h,16946.39758992195,4.7h,14676.793507575989,4.1h,39.7%
795,795,0.001647458292290507,0.01740512554347515,1.0,,,16904.449824094772,4.7h,14644.756674289703,4.1h,16964.15551328659,4.7h,14694.551435232162,4.1h,39.8%
796,796,0.001645596208976976,0.013098666816949845,1.0,,,16922.128932237625,4.7h,14662.435861825943,4.1h,16981.902465343475,4.7h,14712.298394203186,4.1h,39.8%
797,797,0.001643733149569124,0.013883502192795277,1.0,,,16939.80632853508,4.7h,14680.113344430923,4.1h,16999.650674581528,4.7h,14730.046612739563,4.1h,39.9%
798,798,0.0016418691186638656,0.014454660266637801,1.0,,,16957.48740339279,4.7h,14697.794512271881,4.1h,17017.402943611145,4.7h,14747.79888868332,4.1h,39.9%
799,799,0.0016400041208605117,0.013671100914478302,1.0,,,16975.167715072632,4.7h,14715.474922895432,4.1h,17035.157999277115,4.7h,14765.55395245552,4.1h,40.0%
800,800,0.0016381381607607588,0.013166591331362724,1.0,4.782668612670898,0.134,17047.931564331055,4.7h,14733.160621881485,4.1h,17108.082513332367,4.8h,14783.308867931366,4.1h,40.0%
801,801,0.0016362712429686774,0.011972865641117096,1.0,,,17065.616191387177,4.7h,14750.84536075592,4.1h,17125.836664676666,4.8h,14801.063025951385,4.1h,40.1%
802,802,0.0016344033720907026,0.012351487286388874,1.0,,,17083.293236255646,4.7h,14768.52248287201,4.1h,17143.589419603348,4.8h,14818.815793514252,4.1h,40.1%
803,803,0.0016325345527356194,0.011707934968173505,1.0,,,17100.967067480087,4.8h,14786.196390867233,4.1h,17161.306318998337,4.8h,14836.53269648552,4.1h,40.2%
804,804,0.0016306647895145538,0.018670385122299193,0.999,,,17118.644145727158,4.8h,14803.873549222946,4.1h,17179.05831193924,4.8h,14854.284696102142,4.1h,40.2%
805,805,0.0016287940870409608,0.014298442602157593,1.0,,,17136.32129597664,4.8h,14821.55077791214,4.1h,17196.806891441345,4.8h,14872.03328037262,4.1h,40.2%
806,806,0.0016269224499306132,0.021922467216849328,0.998,,,17154.007239580154,4.8h,14839.23682641983,4.1h,17214.536243200302,4.8h,14889.762638807297,4.1h,40.3%
807,807,0.001625049882801589,0.015642025053501128,1.0,,,17171.688735961914,4.8h,14856.918452739716,4.1h,17232.2705142498,4.8h,14907.49691438675,4.1h,40.4%
808,808,0.0016231763902742613,0.01696338350325823,1.0,,,17189.361793518066,4.8h,14874.591613769531,4.1h,17250.002375602722,4.8h,14925.22877907753,4.1h,40.4%
809,809,0.001621301976971287,0.014673197500407695,1.0,,,17207.048085451126,4.8h,14892.278010129929,4.1h,17267.733644008636,4.8h,14942.960051774979,4.2h,40.5%
810,810,0.0016194266475175949,0.013600147277116776,1.0,,,17224.73137807846,4.8h,14909.9614174366,4.1h,17285.45657992363,4.8h,14960.68299126625,4.2h,40.5%
811,811,0.0016175504065403736,0.01920791172981262,0.999,,,17242.413761377335,4.8h,14927.643884897232,4.1h,17303.209189653397,4.8h,14978.435605049133,4.2h,40.6%
812,812,0.0016156732586690612,0.01640689444541931,0.999,,,17260.101841688156,4.8h,14945.332077026367,4.2h,17320.956825256348,4.8h,14996.183243989944,4.2h,40.6%
813,813,0.0016137952085353336,0.014306043222546578,1.0,,,17277.78360390663,4.8h,14963.013951063156,4.2h,17338.71300649643,4.8h,15013.939429998398,4.2h,40.6%
814,814,0.001611916260773093,0.015283104345202445,1.0,,,17295.47224020958,4.8h,14980.702684164047,4.2h,17356.473654985428,4.8h,15031.70008611679,4.2h,40.7%
815,815,0.0016100364200184551,0.017053293466567993,0.999,,,17313.143210172653,4.8h,14998.373733997345,4.2h,17374.218266248703,4.8h,15049.444701433182,4.2h,40.8%
816,816,0.0016081556909097415,0.016495427593588827,1.0,,,17330.82408928871,4.8h,15016.054697036743,4.2h,17391.97490978241,4.8h,15067.201349496841,4.2h,40.8%
817,817,0.0016062740780874638,0.016210000917315483,1.0,,,17348.51004910469,4.8h,15033.74076628685,4.2h,17409.731669187546,4.8h,15084.958112001419,4.2h,40.8%
818,818,0.0016043915861943148,0.019083067074418068,0.999,,,17366.195827245712,4.8h,15051.426653146744,4.2h,17427.495490074158,4.8h,15102.721938610077,4.2h,40.9%
819,819,0.0016025082198751553,0.017105762541294096,1.0,,,17383.871852874756,4.8h,15069.102770805359,4.2h,17445.214936971664,4.8h,15120.441390991211,4.2h,40.9%
820,820,0.0016006239837770056,0.022841232150793075,0.997,4.7752447631835935,0.1334,17456.619560956955,4.8h,15086.78416109085,4.2h,17518.102803707123,4.9h,15138.163802862167,4.2h,41.0%
821,821,0.0015987388825490303,0.02132386502623558,0.999,,,17474.30722784996,4.9h,15104.47192287445,4.2h,17535.865424871445,4.9h,15155.926429510117,4.2h,41.0%
822,822,0.0015968529208425293,0.01932842642068863,0.999,,,17491.98309779167,4.9h,15122.147876739502,4.2h,17553.582058906555,4.9h,15173.643068313599,4.2h,41.1%
823,823,0.0015949661033109257,0.015923268258571623,1.0,,,17509.66439318657,4.9h,15139.829254627228,4.2h,17571.338388442993,4.9h,15191.399409770966,4.2h,41.1%
824,824,0.0015930784346097544,0.02083760892599821,0.999,,,17527.34333896637,4.9h,15157.508276462555,4.2h,17589.093556642532,4.9h,15209.154581546783,4.2h,41.2%
825,825,0.0015911899193966502,0.023498714402318002,0.999,,,17545.023409843445,4.9h,15175.188433885574,4.2h,17606.853954315186,4.9h,15226.914984941483,4.2h,41.2%
826,826,0.0015893005623313363,0.020708055734634398,0.999,,,17562.703773975372,4.9h,15192.868868112564,4.2h,17624.60410094261,4.9h,15244.66513466835,4.2h,41.3%
827,827,0.0015874103680756139,0.023077619284391403,0.999,,,17580.389316558838,4.9h,15210.554521083832,4.2h,17642.341643810272,4.9h,15262.402682304382,4.2h,41.3%
828,828,0.0015855193412933493,0.019701324298977852,1.0,,,17598.07365489006,4.9h,15228.238938093185,4.2h,17660.0969042778,4.9h,15280.157948732376,4.2h,41.4%
829,829,0.0015836274866504632,0.02203115038573742,1.0,,,17615.75132060051,4.9h,15245.916682720184,4.2h,17677.832843065262,4.9h,15297.893892765045,4.2h,41.4%
830,830,0.0015817348088149183,0.02528497661650181,0.998,,,17633.439009666443,4.9h,15263.604462862015,4.2h,17695.59887433052,4.9h,15315.659943342209,4.3h,41.5%
831,831,0.0015798413124567098,0.025056443020701407,1.0,,,17651.128313302994,4.9h,15281.293895244598,4.2h,17713.367661714554,4.9h,15333.428741693497,4.3h,41.5%
832,832,0.0015779470022478515,0.025386340260505676,1.0,,,17668.808225154877,4.9h,15298.973880290985,4.2h,17731.10033774376,4.9h,15351.161423921585,4.3h,41.6%
833,833,0.0015760518828623646,0.020771948710083962,1.0,,,17686.491485118866,4.9h,15316.65721821785,4.3h,17748.836517095566,4.9h,15368.897609949112,4.3h,41.6%
834,834,0.001574155958976269,0.021328186482191085,1.0,,,17704.17461514473,4.9h,15334.340456724167,4.3h,17766.564345359802,4.9h,15386.625445365906,4.3h,41.7%
835,835,0.0015722592352675686,0.018180407755076886,1.0,,,17721.858131170273,4.9h,15352.024056911469,4.3h,17784.326086997986,4.9h,15404.387191534042,4.3h,41.8%
836,836,0.0015703617164162396,0.019454082921147347,1.0,,,17739.54041647911,4.9h,15369.706437587738,4.3h,17802.07966899872,4.9h,15422.140778541565,4.3h,41.8%
837,837,0.0015684634071042216,0.021526236042380333,1.0,,,17757.230275392532,4.9h,15387.396373987198,4.3h,17819.84535717964,4.9h,15439.906472682953,4.3h,41.9%
838,838,0.001566564312015404,0.01956050392985344,1.0,,,17774.91358280182,4.9h,15405.079774141312,4.3h,17837.57354927063,5.0h,15457.634671926498,4.3h,41.9%
839,839,0.0015646644358356153,0.02246654361486435,0.999,,,17792.598170042038,4.9h,15422.764457702637,4.3h,17855.31601548195,5.0h,15475.377144098282,4.3h,41.9%
840,840,0.0015627637832526112,0.019629628650844097,0.999,4.785544719696045,0.1339,17865.35021877289,5.0h,15440.448088884354,4.3h,17928.243435144424,5.0h,15493.144148349762,4.3h,42.0%
841,841,0.0015608623589560625,0.016255290761590005,1.0,,,17883.03252887726,5.0h,15458.130483150482,4.3h,17945.995787143707,5.0h,15510.89652299881,4.3h,42.0%
842,842,0.0015589601676375454,0.015525423154234887,1.0,,,17900.71007990837,5.0h,15475.808108568192,4.3h,17963.74430656433,5.0h,15528.64504623413,4.3h,42.1%
843,843,0.0015570572139905273,0.020908224642276763,0.998,,,17918.39975476265,5.0h,15493.497894763947,4.3h,17981.4821331501,5.0h,15546.382880687714,4.3h,42.1%
844,844,0.0015551535027103572,0.019129255607724188,1.0,,,17936.08770108223,5.0h,15511.185954809189,4.3h,17999.2149579525,5.0h,15564.115710258484,4.3h,42.2%
845,845,0.0015532490384942534,0.019580074325203894,0.999,,,17953.764947891235,5.0h,15528.863279819489,4.3h,18016.962981939316,5.0h,15581.863740682602,4.3h,42.2%
846,846,0.0015513438260412924,0.021842510089278223,1.0,,,17971.443332195282,5.0h,15546.541784524918,4.3h,18034.713830947876,5.0h,15599.614596128464,4.3h,42.3%
847,847,0.0015494378700523965,0.018281624116003512,1.0,,,17989.120342731476,5.0h,15564.218875646591,4.3h,18052.453308820724,5.0h,15617.354079961777,4.3h,42.4%
848,848,0.001547531175230322,0.01834649497270584,0.999,,,18006.79340004921,5.0h,15581.892022132874,4.3h,18070.20140361786,5.0h,15635.102179288864,4.3h,42.4%
849,849,0.00154562374627965,0.01937093438953161,0.999,,,18024.46987748146,5.0h,15599.568573474884,4.3h,18087.951142311096,5.0h,15652.851920366287,4.3h,42.4%
850,850,0.0015437155879067708,0.01553240840882063,1.0,,,18042.15422463417,5.0h,15617.253044605255,4.3h,18105.680770874023,5.0h,15670.581555128098,4.4h,42.5%
851,851,0.0015418067048198758,0.013384733572602272,1.0,,,18059.83490729332,5.0h,15634.933824300766,4.3h,18123.431250095367,5.0h,15688.332040309906,4.4h,42.5%
852,852,0.0015398971017289442,0.012425715513527393,1.0,,,18077.508404016495,5.0h,15652.607405900955,4.3h,18141.176659584045,5.0h,15706.07745718956,4.4h,42.6%
853,853,0.0015379867833457321,0.014400361247360707,1.0,,,18095.188982248306,5.0h,15670.288087368011,4.4h,18158.935130357742,5.0h,15723.835937261581,4.4h,42.6%
854,854,0.0015360757543837601,0.01544926717877388,1.0,,,18112.864351034164,5.0h,15687.963535547256,4.4h,18176.68054485321,5.0h,15741.581364870071,4.4h,42.7%
855,855,0.0015341640195583018,0.013963780365884304,1.0,,,18130.54148197174,5.0h,15705.640743970871,4.4h,18194.416161060333,5.1h,15759.31699514389,4.4h,42.8%
856,856,0.0015322515835863736,0.01935554251074791,0.999,,,18148.220729589462,5.0h,15723.320081710815,4.4h,18212.165184020996,5.1h,15777.066023349762,4.4h,42.8%
857,857,0.0015303384511867204,0.015130833908915519,1.0,,,18165.89255452156,5.0h,15740.991985797882,4.4h,18229.911266088486,5.1h,15794.812108516693,4.4h,42.9%
858,858,0.0015284246270798065,0.01610512714087963,1.0,,,18183.57576918602,5.1h,15758.675312757492,4.4h,18247.6657102108,5.1h,15812.566559791565,4.4h,42.9%
859,859,0.0015265101159878027,0.0170977995544672,1.0,,,18201.2595140934,5.1h,15776.359145879745,4.4h,18265.396370649338,5.1h,15830.297226428986,4.4h,43.0%
860,860,0.001524594922634575,0.02403874570131302,0.999,4.7583350090026855,0.1316,18274.041565179825,5.1h,15794.040987253189,4.4h,18338.3529856205,5.1h,15848.050712108612,4.4h,43.0%
861,861,0.0015226790517456723,0.022483775779604913,0.999,,,18291.720331668854,5.1h,15811.71983551979,4.4h,18356.107743501663,5.1h,15865.805476665497,4.4h,43.0%
862,862,0.0015207625080483156,0.027051084488630295,0.998,,,18309.40470480919,5.1h,15829.404285669327,4.4h,18373.84373807907,5.1h,15883.541476488113,4.4h,43.1%
863,863,0.0015188452962713857,0.028330373674631117,1.0,,,18327.095644712448,5.1h,15847.095351457596,4.4h,18391.61229276657,5.1h,15901.310037374496,4.4h,43.1%
864,864,0.0015169274211454128,0.026341032713651655,1.0,,,18344.776112556458,5.1h,15864.775899410248,4.4h,18409.365686416626,5.1h,15919.063438653946,4.4h,43.2%
865,865,0.0015150088874025627,0.030047219693660737,0.999,,,18362.45392870903,5.1h,15882.453789710999,4.4h,18427.1141371727,5.1h,15936.811893463135,4.4h,43.2%
866,866,0.001513089699776626,0.03114056548476219,0.999,,,18380.127558469772,5.1h,15900.12749671936,4.4h,18444.838128328323,5.1h,15954.535889148712,4.4h,43.3%
867,867,0.0015111698630030086,0.035402680575847625,1.0,,,18397.808032035828,5.1h,15917.8080368042,4.4h,18462.58843755722,5.1h,15972.28620171547,4.4h,43.4%
868,868,0.0015092493818187165,0.04229657161235809,0.999,,,18415.486693382263,5.1h,15935.486780166626,4.4h,18480.33807015419,5.1h,15990.035838603973,4.4h,43.4%
869,869,0.0015073282609623458,0.0499153499007225,0.998,,,18433.165776491165,5.1h,15953.165966272354,4.4h,18498.091269493103,5.1h,16007.789052009583,4.4h,43.5%
870,870,0.0015054065051740711,0.07500467163324356,0.999,,,18450.84681725502,5.1h,15970.847088098526,4.4h,18515.814006567,5.1h,16025.511796474457,4.5h,43.5%
871,871,0.0015034841191956343,0.12710825884342195,0.995,,,18468.528416395187,5.1h,15988.52882027626,4.4h,18533.5398273468,5.1h,16043.237623691559,4.5h,43.5%
872,872,0.001501561107770332,0.23939843451976775,0.99,,,18486.216462612152,5.1h,16006.216950178146,4.4h,18551.302681207657,5.2h,16061.000482797623,4.5h,43.6%
873,873,0.001499637475643003,0.3679998941421509,0.974,,,18503.89736509323,5.1h,16023.897942066193,4.5h,18569.0458111763,5.2h,16078.743617534637,4.5h,43.6%
874,874,0.0014977132275600183,0.4885564389228821,0.953,,,18521.58109354973,5.1h,16041.581757545471,4.5h,18586.781485319138,5.2h,16096.479298353195,4.5h,43.7%
875,875,0.0014957883682692689,0.5276176857948304,0.944,,,18539.2581679821,5.1h,16059.258929491043,4.5h,18604.512317180634,5.2h,16114.210139036179,4.5h,43.8%
876,876,0.0014938629025201544,0.5093328328132629,0.948,,,18556.93251633644,5.2h,16076.93335723877,4.5h,18622.256034374237,5.2h,16131.953860759735,4.5h,43.8%
877,877,0.0014919368350635692,0.42863088512420655,0.966,,,18574.611434221268,5.2h,16094.612342119217,4.5h,18640.005579471588,5.2h,16149.703409433365,4.5h,43.9%
878,878,0.0014900101706518938,0.3034366400241852,0.989,,,18592.288345098495,5.2h,16112.289332866669,4.5h,18657.756024599075,5.2h,16167.453859329224,4.5h,43.9%
879,879,0.0014880829140389814,0.23197671031951905,0.991,,,18609.965801239014,5.2h,16129.96686577797,4.5h,18675.506315469742,5.2h,16185.204154491425,4.5h,44.0%
880,880,0.0014861550699801457,0.1544320487976074,0.996,4.721849457550049,0.1255,18682.711356163025,5.2h,16147.645553350449,4.5h,18748.419145822525,5.2h,16202.935693264008,4.5h,44.0%
881,881,0.0014842266432321496,0.11234872508049011,0.997,,,18700.391602516174,5.2h,16165.325892925262,4.5h,18766.16547513008,5.2h,16220.682034015656,4.5h,44.0%
882,882,0.0014822976385531954,0.08968294721841812,1.0,,,18718.067032814026,5.2h,16183.001388072968,4.5h,18783.913856983185,5.2h,16238.430418014526,4.5h,44.1%
883,883,0.0014803680607029105,0.06473228412866593,1.0,,,18735.748517513275,5.2h,16200.682970523834,4.5h,18801.66938138008,5.2h,16256.185947418213,4.5h,44.1%
884,884,0.0014784379144423359,0.05773412704467774,1.0,,,18753.4229118824,5.2h,16218.357454538345,4.5h,18819.39463877678,5.2h,16273.911209344864,4.5h,44.2%
885,885,0.0014765072045339154,0.05053485697507858,1.0,,,18771.094604492188,5.2h,16236.029221534729,4.5h,18837.129952907562,5.2h,16291.646528482437,4.5h,44.2%
886,886,0.0014745759357414844,0.046111554652452466,1.0,,,18788.77005314827,5.2h,16253.704777002335,4.5h,18854.865074157715,5.2h,16309.381654500961,4.5h,44.3%
887,887,0.001472644112830256,0.04008823108673096,0.999,,,18806.449521303177,5.2h,16271.384367227554,4.5h,18872.63056755066,5.2h,16327.1471555233,4.5h,44.4%
888,888,0.0014707117405668118,0.03451690000295639,1.0,,,18824.13108277321,5.2h,16289.066046237946,4.5h,18890.38723897934,5.2h,16344.90383195877,4.5h,44.4%
889,889,0.0014687788237190884,0.031046059727668763,1.0,,,18841.80367541313,5.2h,16306.738712787628,4.5h,18908.118761062622,5.3h,16362.635358572006,4.5h,44.5%
890,890,0.0014668453670563654,0.030946482837200164,0.999,,,18859.479293823242,5.2h,16324.414407968521,4.5h,18925.86363196373,5.3h,16380.380235433578,4.6h,44.5%
891,891,0.0014649113753492553,0.043153775915503505,0.996,,,18877.157564163208,5.2h,16342.092764854431,4.5h,18943.612904548645,5.3h,16398.129513978958,4.6h,44.5%
892,892,0.00146297685336969,0.02930506144464016,0.999,,,18894.83748817444,5.2h,16359.772782564163,4.5h,18961.344740629196,5.3h,16415.861357450485,4.6h,44.6%
893,893,0.0014610418058909104,0.027038946479558946,0.999,,,18912.513245105743,5.3h,16377.448618650436,4.5h,18979.070566177368,5.3h,16433.587189674377,4.6h,44.6%
894,894,0.001459106237687454,0.02331510242819786,1.0,,,18930.18949818611,5.3h,16395.124972581863,4.6h,18996.800067424774,5.3h,16451.316696882248,4.6h,44.7%
895,895,0.001457170153535143,0.02476530557870865,0.998,,,18947.86585354805,5.3h,16412.801405906677,4.6h,19014.531122922897,5.3h,16469.04775905609,4.6h,44.8%
896,896,0.001455233558211072,0.024291863083839415,1.0,,,18965.542199134827,5.3h,16430.477823495865,4.6h,19032.277485847473,5.3h,16486.79412651062,4.6h,44.8%
897,897,0.0014532964564935979,0.021943038940429687,1.0,,,18983.216331005096,5.3h,16448.152044534683,4.6h,19050.027020931244,5.3h,16504.543665647507,4.6h,44.9%
898,898,0.0014513588531623266,0.02204598143696785,1.0,,,19000.89319372177,5.3h,16465.828991174698,4.6h,19067.77284169197,5.3h,16522.289490699768,4.6h,44.9%
899,899,0.0014494207529981008,0.018835069850087167,1.0,,,19018.575234651566,5.3h,16483.5111181736,4.6h,19085.531423568726,5.3h,16540.048077106476,4.6h,45.0%
900,900,0.0014474821607829917,0.0197599688321352,0.999,4.91326075592041,0.1287,19091.331130981445,5.3h,16501.19238972664,4.6h,19158.479767799377,5.3h,16557.8078353405,4.6h,45.0%
901,901,0.001445543081300282,0.017997533202171324,1.0,,,19109.007029533386,5.3h,16518.868374586105,4.6h,19176.226061582565,5.3h,16575.554138183594,4.6h,45.1%
902,902,0.0014436035193344573,0.017766020506620406,1.0,,,19126.68738412857,5.3h,16536.5488114357,4.6h,19193.956349372864,5.3h,16593.284431934357,4.6h,45.1%
903,903,0.0014416634796711942,0.023291804537177087,0.998,,,19144.361632823944,5.3h,16554.22313451767,4.6h,19211.703152656555,5.3h,16611.031242847443,4.6h,45.1%
904,904,0.0014397229670973478,0.018234201714396478,1.0,,,19162.041396141052,5.3h,16571.90296626091,4.6h,19229.45427942276,5.3h,16628.78237247467,4.6h,45.2%
905,905,0.0014377819864009398,0.017205287218093872,1.0,,,19179.72460126877,5.3h,16589.58626651764,4.6h,19247.21200108528,5.3h,16646.540101528168,4.6h,45.2%
906,906,0.0014358405423711474,0.019544027656316756,1.0,,,19197.39958333969,5.3h,16607.261309862137,4.6h,19264.96132659912,5.4h,16664.289430379868,4.6h,45.3%
907,907,0.0014338986397982902,0.018533696070313455,1.0,,,19215.07786345482,5.3h,16624.939659118652,4.6h,19282.713790416718,5.4h,16682.04189801216,4.6h,45.4%
908,908,0.0014319562834738204,0.014915631711483001,1.0,,,19232.752866744995,5.3h,16642.614733695984,4.6h,19300.460347175598,5.4h,16699.788458824158,4.6h,45.4%
909,909,0.001430013478190309,0.01718465055525303,1.0,,,19250.43298482895,5.3h,16660.294938087463,4.6h,19318.182621240616,5.4h,16717.51073741913,4.6h,45.5%
910,910,0.0014280702287414345,0.01966307494044304,0.999,,,19268.111632347107,5.4h,16677.973670244217,4.6h,19335.933836221695,5.4h,16735.261959075928,4.6h,45.5%
911,911,0.001426126539921972,0.014865765914320945,1.0,,,19285.79349565506,5.4h,16695.655619859695,4.6h,19353.671630382538,5.4h,16752.999758720398,4.7h,45.6%
912,912,0.0014241824165277805,0.013385556042194366,1.0,,,19303.472180604935,5.4h,16713.33439016342,4.6h,19371.408590078354,5.4h,16770.736723184586,4.7h,45.6%
913,913,0.0014222378633557914,0.016782140247523784,0.999,,,19321.15194416046,5.4h,16731.01424431801,4.6h,19389.158596515656,5.4h,16788.486734867096,4.7h,45.6%
914,914,0.0014202928852039957,0.016591889202594755,0.999,,,19338.833436727524,5.4h,16748.695825576782,4.7h,19406.883098363876,5.4h,16806.21124124527,4.7h,45.7%
915,915,0.0014183474868714344,0.013758517012000085,1.0,,,19356.517327547073,5.4h,16766.379818439484,4.7h,19424.64150738716,5.4h,16823.96965432167,4.7h,45.8%
916,916,0.0014164016731581844,0.015676944926381112,0.999,,,19374.19675540924,5.4h,16784.0593419075,4.7h,19442.400069236755,5.4h,16841.728219509125,4.7h,45.8%
917,917,0.001414455448865347,0.014420999646186828,1.0,,,19391.877384662628,5.4h,16801.740045309067,4.7h,19460.1327791214,5.4h,16859.460932016373,4.7h,45.9%
918,918,0.0014125088187950377,0.01289429198205471,1.0,,,19409.557911157608,5.4h,16819.420655488968,4.7h,19477.85387134552,5.4h,16877.182030916214,4.7h,45.9%
919,919,0.0014105617877503726,0.012136137872934341,1.0,,,19427.23250555992,5.4h,16837.09533071518,4.7h,19495.56978750229,5.4h,16894.89795088768,4.7h,46.0%
920,920,0.001408614360535457,0.014992970675230026,1.0,4.901961604309082,0.132,19499.965252399445,5.4h,16854.772645950317,4.7h,19568.462038755417,5.4h,16912.626163482666,4.7h,46.0%
921,921,0.0014066665419553742,0.012818813130259513,1.0,,,19517.6472094059,5.4h,16872.45468211174,4.7h,19586.21320462227,5.4h,16930.377333641052,4.7h,46.1%
922,922,0.0014047183368161732,0.012666287444531918,1.0,,,19535.327514886856,5.4h,16890.13509631157,4.7h,19603.95041704178,5.4h,16948.114553451538,4.7h,46.1%
923,923,0.0014027697499248558,0.012225065164268016,1.0,,,19553.009298563004,5.4h,16907.816972494125,4.7h,19621.704397439957,5.5h,16965.8685400486,4.7h,46.2%
924,924,0.001400820786089367,0.013581404462456703,1.0,,,19570.683839797974,5.4h,16925.491604566574,4.7h,19639.452448368073,5.5h,16983.616595506668,4.7h,46.2%
925,925,0.0013988714501185812,0.012051237128674983,1.0,,,19588.362788677216,5.4h,16943.170669555664,4.7h,19657.203787326813,5.5h,17001.3679394722,4.7h,46.2%
926,926,0.001396921746822291,0.012921087652444839,1.0,,,19606.04245877266,5.4h,16960.85043168068,4.7h,19674.955857753754,5.5h,17019.120015144348,4.7h,46.3%
927,927,0.0013949716810111958,0.015445282377302647,0.999,,,19623.71628499031,5.5h,16978.524342775345,4.7h,19692.70411682129,5.5h,17036.868281126022,4.7h,46.4%
928,928,0.001393021257496889,0.012703981712460517,1.0,,,19641.39167904854,5.5h,16996.199813842773,4.7h,19710.451962947845,5.5h,17054.616130828857,4.7h,46.4%
929,929,0.001391070481091846,0.011945771344006062,1.0,,,19659.06459212303,5.5h,17013.87282371521,4.7h,19728.194334983826,5.5h,17072.35850763321,4.7h,46.5%
930,930,0.0013891193566094148,0.010261761203408241,1.0,,,19676.745171785355,5.5h,17031.55349802971,4.7h,19745.929597377777,5.5h,17090.093776464462,4.7h,46.5%
931,931,0.0013871678888638006,0.011987990066409111,1.0,,,19694.423889398575,5.5h,17049.23231458664,4.7h,19763.682729959488,5.5h,17107.84691643715,4.8h,46.6%
932,932,0.001385216082670056,0.012916552051901817,0.999,,,19712.101417064667,5.5h,17066.909940242767,4.7h,19781.405500650406,5.5h,17125.5696914196,4.8h,46.6%
933,933,0.0013832639428440687,0.011797485120594501,1.0,,,19729.77770447731,5.5h,17084.58629131317,4.7h,19799.156920433044,5.5h,17143.321113348007,4.8h,46.7%
934,934,0.0013813114742025504,0.015050239078700543,1.0,,,19747.457822799683,5.5h,17102.266510248184,4.8h,19816.87804031372,5.5h,17161.042238235474,4.8h,46.7%
935,935,0.0013793586815630222,0.013613073393702506,0.999,,,19765.13514328003,5.5h,17119.943927049637,4.8h,19834.62496447563,5.5h,17178.78916668892,4.8h,46.8%
936,936,0.0013774055697438066,0.01492322488129139,0.999,,,19782.80993628502,5.5h,17137.618797779083,4.8h,19852.34925222397,5.5h,17196.513458013535,4.8h,46.8%
937,937,0.0013754521435640126,0.012379408307373524,1.0,,,19800.48927283287,5.5h,17155.298206806183,4.8h,19870.100145339966,5.5h,17214.264353513718,4.8h,46.9%
938,938,0.0013734984078435256,0.01137210999429226,1.0,,,19818.173222064972,5.5h,17172.982273101807,4.8h,19887.82990050316,5.5h,17231.99411392212,4.8h,46.9%
939,939,0.0013715443674029936,0.011116694398224354,1.0,,,19835.85312962532,5.5h,17190.662274122238,4.8h,19905.552876472473,5.5h,17249.71709370613,4.8h,46.9%
940,940,0.0013695900270638173,0.011465782813727855,1.0,4.875921976470948,0.1311,19908.596072673798,5.5h,17208.34371614456,4.8h,19978.46763730049,5.5h,17267.47053194046,4.8h,47.0%
941,941,0.0013676353916481372,0.010664894193410874,1.0,,,19926.277344942093,5.5h,17226.025051116943,4.8h,19996.190217018127,5.6h,17285.193115472794,4.8h,47.0%
942,942,0.0013656804659788221,0.010201088361442089,1.0,,,19943.959988355637,5.5h,17243.707760572433,4.8h,20013.92317724228,5.6h,17302.92607831955,4.8h,47.1%
943,943,0.0013637252548794566,0.01295132178068161,0.999,,,19961.635718345642,5.5h,17261.38356781006,4.8h,20031.667110681534,5.6h,17320.67001724243,4.8h,47.1%
944,944,0.0013617697631743298,0.01462366932630539,0.999,,,19979.312423944473,5.5h,17279.060342550278,4.8h,20049.410046100616,5.6h,17338.41295528412,4.8h,47.2%
945,945,0.0013598139956884235,0.014444741204380988,0.999,,,19996.994092464447,5.6h,17296.742092847824,4.8h,20067.164316415787,5.6h,17356.167231798172,4.8h,47.2%
946,946,0.0013578579572473988,0.01155210118740797,1.0,,,20014.680658340454,5.6h,17314.42876124382,4.8h,20084.905651330948,5.6h,17373.90857219696,4.8h,47.3%
947,947,0.0013559016526775859,0.013091826915740967,0.999,,,20032.366637706757,5.6h,17332.114816904068,4.8h,20102.633960962296,5.6h,17391.6368868351,4.8h,47.3%
948,948,0.001353945086805973,0.010905072525143623,1.0,,,20050.040769577026,5.6h,17349.789031982422,4.8h,20120.383378744125,5.6h,17409.386309862137,4.8h,47.4%
949,949,0.0013519882644601915,0.014337519936263561,0.999,,,20067.726135015488,5.6h,17367.474509954453,4.8h,20138.14184832573,5.6h,17427.14478468895,4.8h,47.4%
950,950,0.0013500311904685056,0.012658772818744182,0.999,,,20085.407122850418,5.6h,17385.155585050583,4.8h,20155.872987747192,5.6h,17444.875930070877,4.8h,47.5%
951,951,0.0013480738696598007,0.012646107956767082,0.999,,,20103.08455181122,5.6h,17402.833081245422,4.8h,20173.612325191498,5.6h,17462.615270137787,4.9h,47.5%
952,952,0.0013461163068635722,0.014443284504115582,0.999,,,20120.760526895523,5.6h,17420.50914978981,4.8h,20191.360778093338,5.6h,17480.363729953766,4.9h,47.6%
953,953,0.0013441585069099106,0.01663050039112568,0.999,,,20138.438231229782,5.6h,17438.18695807457,4.8h,20209.094549655914,5.6h,17498.097507238388,4.9h,47.6%
954,954,0.001342200474629493,0.020319571360945702,0.997,,,20156.131823778152,5.6h,17455.880666017532,4.8h,20226.846075296402,5.6h,17515.849036455154,4.9h,47.7%
955,955,0.0013402422148535704,0.012778075695037841,1.0,,,20173.824633598328,5.6h,17473.573595762253,4.9h,20244.60195684433,5.6h,17533.60492515564,4.9h,47.8%
956,956,0.001338283732413953,0.012193176567554474,1.0,,,20191.508540391922,5.6h,17491.25760126114,4.9h,20262.33126974106,5.6h,17551.33424425125,4.9h,47.8%
957,957,0.0013363250321430022,0.01155011884868145,1.0,,,20209.19083428383,5.6h,17508.939980745316,4.9h,20280.082512140274,5.6h,17569.08549141884,4.9h,47.9%
958,958,0.0013343661188736154,0.011629691258072852,1.0,,,20226.87267446518,5.6h,17526.621908664703,4.9h,20297.83821129799,5.6h,17586.841195821762,4.9h,47.9%
959,959,0.001332406997439217,0.012710735328495502,0.999,,,20244.557557821274,5.6h,17544.306887626648,4.9h,20315.5927362442,5.6h,17604.595726251602,4.9h,47.9%
960,960,0.0013304476726737444,0.010249082684516906,1.0,4.844695851135254,0.1331,20317.311230659485,5.6h,17561.988507270813,4.9h,20388.519771814346,5.7h,17622.349299430847,4.9h,48.0%
961,961,0.0013284881494116368,0.009240803569555282,1.0,,,20334.990807294846,5.6h,17579.668170928955,4.9h,20406.271728515625,5.7h,17640.101261377335,4.9h,48.0%
962,962,0.0013265284324878222,0.008932917363941669,1.0,,,20352.67334342003,5.7h,17597.350828170776,4.9h,20424.000255823135,5.7h,17657.829795598984,4.9h,48.1%
963,963,0.0013245685267377085,0.010237073473632336,1.0,,,20370.355073690414,5.7h,17615.032657146454,4.9h,20441.747037172318,5.7h,17675.576580524445,4.9h,48.1%
964,964,0.0013226084369971673,0.010685496479272843,1.0,,,20388.03913140297,5.7h,17632.71683716774,4.9h,20459.50718188286,5.7h,17693.336730241776,4.9h,48.2%
965,965,0.0013206481681025254,0.013373562559485436,1.0,,,20405.723716020584,5.7h,17650.401520490646,4.9h,20477.25944828987,5.7h,17711.089001893997,4.9h,48.2%
966,966,0.001318687724890552,0.015853121370077133,0.999,,,20423.404748916626,5.7h,17668.082652807236,4.9h,20495.009446382523,5.7h,17728.839005231857,4.9h,48.3%
967,967,0.0013167271121984454,0.01474060495197773,0.999,,,20441.081293821335,5.7h,17685.75929260254,4.9h,20512.755329847336,5.7h,17746.58489537239,4.9h,48.4%
968,968,0.0013147663348638229,0.014160329565405846,0.999,,,20458.754756450653,5.7h,17703.432834148407,4.9h,20530.49774837494,5.7h,17764.32731819153,4.9h,48.4%
969,969,0.001312805397724707,0.012200709842145442,1.0,,,20476.435030460358,5.7h,17721.113207817078,4.9h,20548.250123262405,5.7h,17782.079701662064,4.9h,48.4%
970,970,0.0013108443056195156,0.013734504491090774,1.0,,,20494.11602497101,5.7h,17738.794298410416,4.9h,20565.977694272995,5.7h,17799.807278871536,4.9h,48.5%
971,971,0.001308883063387048,0.010450400158762932,1.0,,,20511.798072338104,5.7h,17756.476483106613,4.9h,20583.707234621048,5.7h,17817.536826133728,4.9h,48.5%
972,972,0.0013069216758664754,0.010765763096511364,1.0,,,20529.475997447968,5.7h,17774.15452694893,4.9h,20601.442429065704,5.7h,17835.272027254105,5.0h,48.6%
973,973,0.0013049601478973259,0.0108034515529871,1.0,,,20547.154021024704,5.7h,17791.832642793655,4.9h,20619.185185432434,5.7h,17853.01478910446,5.0h,48.6%
974,974,0.0013029984843194752,0.009710536822676658,1.0,,,20564.83362531662,5.7h,17809.512313842773,4.9h,20636.90444636345,5.7h,17870.73405456543,5.0h,48.7%
975,975,0.0013010366899731327,0.012714992836117744,0.999,,,20582.520523309708,5.7h,17827.199331760406,5.0h,20654.655355215073,5.7h,17888.4849691391,5.0h,48.8%
976,976,0.0012990747696988308,0.009608404859900475,1.0,,,20600.200725317,5.7h,17844.879642248154,5.0h,20672.38947057724,5.7h,17906.219089984894,5.0h,48.8%
977,977,0.0012971127283374132,0.0194178451821208,0.998,,,20617.88725709915,5.7h,17862.566283226013,5.0h,20690.145931482315,5.7h,17923.9755589962,5.0h,48.9%
978,978,0.001295150570730022,0.013903587214648724,1.0,,,20635.568940877914,5.7h,17880.24804353714,5.0h,20707.87234902382,5.8h,17941.70198059082,5.0h,48.9%
979,979,0.0012931883017180859,0.010987779214978219,1.0,,,20653.24658346176,5.7h,17897.925770282745,5.0h,20725.618925333023,5.8h,17959.44856262207,5.0h,48.9%
980,980,0.0012912259261433079,0.012742126509547234,0.999,4.821593591308594,0.132,20726.018118858337,5.8h,17915.605892896652,5.0h,20798.55261158943,5.8h,17977.19962835312,5.0h,49.0%
981,981,0.0012892634488476556,0.011905100151896476,1.0,,,20743.698887109756,5.8h,17933.28675866127,5.0h,20816.27345275879,5.8h,17994.920478582382,5.0h,49.0%
982,982,0.0012873008746733467,0.013241555348038673,0.999,,,20761.385654211044,5.8h,17950.973602056503,5.0h,20834.03539776802,5.8h,18012.68243074417,5.0h,49.1%
983,983,0.0012853382084628369,0.010420661091804504,1.0,,,20779.065068244934,5.8h,17968.653089523315,5.0h,20851.782527446747,5.8h,18030.429564476013,5.0h,49.1%
984,984,0.001283375455058811,0.011376405887305737,1.0,,,20796.747034549713,5.8h,17986.33515739441,5.0h,20869.539508342743,5.8h,18048.186554431915,5.0h,49.2%
985,985,0.0012814126193041674,0.01102552881091833,1.0,,,20814.425629615784,5.8h,18004.013822078705,5.0h,20887.292726039886,5.8h,18065.9397752285,5.0h,49.2%
986,986,0.0012794497060420085,0.013009261801838874,0.999,,,20832.109541654587,5.8h,18021.697870969772,5.0h,20905.0388944149,5.8h,18083.685949087143,5.0h,49.3%
987,987,0.001277486720115627,0.013051913872361183,1.0,,,20849.795919179916,5.8h,18039.384336948395,5.0h,20922.79882621765,5.8h,18101.44588780403,5.0h,49.4%
988,988,0.0012755236663684964,0.011996591046452522,1.0,,,20867.478855609894,5.8h,18057.067351579666,5.0h,20940.55621600151,5.8h,18119.203283548355,5.0h,49.4%
989,989,0.001273560549644256,0.014123805925250053,0.999,,,20885.15805220604,5.8h,18074.746632814407,5.0h,20958.30675125122,5.8h,18136.95382332802,5.0h,49.5%
990,990,0.0012715973747867014,0.013923506133258342,1.0,,,20902.840260505676,5.8h,18092.42892575264,5.0h,20976.064161539078,5.8h,18154.711238384247,5.0h,49.5%
991,991,0.0012696341466397717,0.010881683431565762,1.0,,,20920.51903986931,5.8h,18110.1077709198,5.0h,20993.796101093292,5.8h,18172.443180561066,5.0h,49.5%
992,992,0.0012676708700475369,0.014853775352239609,0.999,,,20938.204733133316,5.8h,18127.79357099533,5.0h,21011.54773592949,5.8h,18190.194821596146,5.1h,49.6%
993,993,0.0012657075498541865,0.014215924441814423,0.999,,,20955.883253097534,5.8h,18145.472177505493,5.0h,21029.26741552353,5.8h,18207.91450738907,5.1h,49.6%
994,994,0.0012637441909040185,0.010883461609482765,1.0,,,20973.564666748047,5.8h,18163.153663158417,5.0h,21047.00520515442,5.8h,18225.65229988098,5.1h,49.7%
995,995,0.0012617807980414256,0.01696124766021967,0.998,,,20991.250688552856,5.8h,18180.839769601822,5.1h,21064.765479803085,5.9h,18243.41257929802,5.1h,49.8%
996,996,0.0012598173761108847,0.0159456290602684,0.998,,,21008.93260192871,5.8h,18198.521765708923,5.1h,21082.511748552322,5.9h,18261.158852815628,5.1h,49.8%
997,997,0.0012578539299569445,0.0132789810821414,0.999,,,21026.612122297287,5.8h,18216.201360702515,5.1h,21100.234243154526,5.9h,18278.881351947784,5.1h,49.9%
998,998,0.0012558904644242124,0.01647204852104187,0.999,,,21044.29066801071,5.8h,18233.87997364998,5.1h,21117.966509342194,5.9h,18296.613623142242,5.1h,49.9%
999,999,0.001253926984357345,0.01147581446915865,1.0,,,21061.967450380325,5.9h,18251.55682706833,5.1h,21135.68229699135,5.9h,18314.329417943954,5.1h,50.0%
1000,1000,0.0012519634946010344,0.010775128655135632,1.0,4.8055502227783204,0.1328,21134.747153282166,5.9h,18269.245868206024,5.1h,21208.624356031418,5.9h,18332.06975722313,5.1h,50.0%
1001,1001,0.0012499999999999955,0.014418347671627998,0.998,,,21152.428059101105,5.9h,18286.92684674263,5.1h,21226.381796121597,5.9h,18349.827200889587,5.1h,50.0%
1002,1002,0.0012480365053989567,0.011112290374934674,1.0,,,21170.119381189346,5.9h,18304.618315458298,5.1h,21244.128128528595,5.9h,18367.57353758812,5.1h,50.1%
1003,1003,0.001246073015642646,0.012683318309485912,1.0,,,21187.798312664032,5.9h,18322.297345399857,5.1h,21261.878519058228,5.9h,18385.323934555054,5.1h,50.1%
1004,1004,0.0012441095355757786,0.009155767753720283,1.0,,,21205.477468967438,5.9h,18339.976593494415,5.1h,21279.627757549286,5.9h,18403.073177814484,5.1h,50.2%
1005,1005,0.0012421460700430466,0.009741038918495178,1.0,,,21223.159425020218,5.9h,18357.658623695374,5.1h,21297.38218855858,5.9h,18420.827612638474,5.1h,50.2%
1006,1006,0.0012401826238891064,0.010544906571507454,1.0,,,21240.842764139175,5.9h,18375.342044830322,5.1h,21315.135073900223,5.9h,18438.580505609512,5.1h,50.3%
1007,1007,0.0012382192019585654,0.011146851867437363,1.0,,,21258.51994729042,5.9h,18393.019309043884,5.1h,21332.880661010742,5.9h,18456.32609653473,5.1h,50.3%
1008,1008,0.0012362558090959726,0.013380157500505448,0.999,,,21276.205149650574,5.9h,18410.70459485054,5.1h,21350.636633634567,5.9h,18474.082075834274,5.1h,50.4%
1009,1009,0.0012342924501458044,0.012648927748203278,1.0,,,21293.884325504303,5.9h,18428.383845090866,5.1h,21368.380412817,5.9h,18491.825859069824,5.1h,50.4%
1010,1010,0.0012323291299524545,0.010897238023579121,1.0,,,21311.562158584595,5.9h,18446.061758995056,5.1h,21386.130355119705,5.9h,18509.57580447197,5.1h,50.5%
1011,1011,0.0012303658533602197,0.01036195646226406,1.0,,,21329.24283027649,5.9h,18463.74252462387,5.1h,21403.867980003357,5.9h,18527.313435077667,5.1h,50.5%
1012,1012,0.00122840262521329,0.009016243822872638,1.0,,,21346.918402194977,5.9h,18481.41818499565,5.1h,21421.614730119705,6.0h,18545.06018972397,5.2h,50.6%
1013,1013,0.001226439450355735,0.010697404779493809,1.0,,,21364.597987651825,5.9h,18499.097840309143,5.1h,21439.365835666656,6.0h,18562.811298131943,5.2h,50.6%
1014,1014,0.001224476333631495,0.008943215366452933,1.0,,,21382.27744436264,5.9h,18516.77738595009,5.1h,21457.095461130142,6.0h,18580.540929555893,5.2h,50.7%
1015,1015,0.0012225132798843643,0.011916053112596274,0.999,,,21399.953791618347,5.9h,18534.453806877136,5.1h,21474.82819223404,6.0h,18598.27366423607,5.2h,50.7%
1016,1016,0.0012205502939579829,0.009143176820129157,1.0,,,21417.631888389587,5.9h,18552.131996154785,5.2h,21492.581924438477,6.0h,18616.027402162552,5.2h,50.8%
1017,1017,0.0012185873806958237,0.010751394629478455,0.999,,,21435.315312862396,6.0h,18569.815512657166,5.2h,21510.339599609375,6.0h,18633.785083055496,5.2h,50.8%
1018,1018,0.0012166245449411802,0.009559073641896247,1.0,,,21452.99725818634,6.0h,18587.497537851334,5.2h,21528.105058670044,6.0h,18651.550545454025,5.2h,50.9%
1019,1019,0.001214661791537154,0.01055996521562338,1.0,,,21470.68066596985,6.0h,18605.18103146553,5.2h,21545.8352162838,6.0h,18669.28070807457,5.2h,50.9%
1020,1020,0.0012126991253266445,0.010732655696570873,1.0,4.795724130249023,0.132,21543.444815158844,6.0h,18622.863585710526,5.2h,21618.752326726913,6.0h,18687.01437163353,5.2h,51.0%
1021,1021,0.0012107365511523354,0.010370080463588238,1.0,,,21561.130611896515,6.0h,18640.54946255684,5.2h,21636.483454704285,6.0h,18704.745507240295,5.2h,51.0%
1022,1022,0.0012087740738566833,0.009583658561110497,1.0,,,21578.81397151947,6.0h,18658.23289680481,5.2h,21654.219919204712,6.0h,18722.481977939606,5.2h,51.1%
1023,1023,0.0012068116982819057,0.016571277119219303,0.998,,,21596.49198126793,6.0h,18675.911001443863,5.2h,21671.973984718323,6.0h,18740.236047506332,5.2h,51.1%
1024,1024,0.0012048494292699692,0.01174859645217657,1.0,,,21614.17466044426,6.0h,18693.59375143051,5.2h,21689.697840452194,6.0h,18757.959906578064,5.2h,51.2%
1025,1025,0.0012028872716625776,0.020312643989920616,0.997,,,21631.85239839554,6.0h,18711.27157688141,5.2h,21707.4320166111,6.0h,18775.694089651108,5.2h,51.2%
1026,1026,0.0012009252303011601,0.01411230380833149,1.0,,,21649.535975694656,6.0h,18728.955228567123,5.2h,21725.19146680832,6.0h,18793.453542232513,5.2h,51.3%
1027,1027,0.0011989633100268583,0.019876213431358338,0.998,,,21667.21682214737,6.0h,18746.636150598526,5.2h,21742.932617902756,6.0h,18811.194695711136,5.2h,51.3%
1028,1028,0.0011970015156805157,0.02312516787648201,0.999,,,21684.895403385162,6.0h,18764.314831018448,5.2h,21760.6790933609,6.0h,18828.941178560257,5.2h,51.4%
1029,1029,0.0011950398521026649,0.017247043699026108,0.999,,,21702.577962875366,6.0h,18781.99745798111,5.2h,21778.435326099396,6.0h,18846.697413682938,5.2h,51.4%
1030,1030,0.0011930783241335154,0.014489746160805225,1.0,,,21720.26451277733,6.0h,18799.684156179428,5.2h,21796.164793729782,6.1h,18864.426885843277,5.2h,51.5%
1031,1031,0.0011911169366129422,0.01586815644800663,1.0,,,21737.94551229477,6.0h,18817.365233659744,5.2h,21813.89609146118,6.1h,18882.158185958862,5.2h,51.5%
1032,1032,0.0011891556943804753,0.014707641310989856,0.999,,,21755.625653028488,6.0h,18835.045448303223,5.2h,21831.650710105896,6.1h,18899.91281056404,5.2h,51.6%
1033,1033,0.001187194602275284,0.017245238423347475,1.0,,,21773.311596393585,6.0h,18852.731506824493,5.2h,21849.379851579666,6.1h,18917.64195752144,5.3h,51.6%
1034,1034,0.0011852336651361683,0.012910097494721412,1.0,,,21790.997614383698,6.1h,18870.417631864548,5.2h,21867.139256477356,6.1h,18935.401369810104,5.3h,51.7%
1035,1035,0.0011832728878015454,0.01288170564174652,1.0,,,21808.673670768738,6.1h,18888.093778133392,5.2h,21884.882924079895,6.1h,18953.145045042038,5.3h,51.7%
1036,1036,0.001181312275109439,0.010622551962733269,1.0,,,21826.36106324196,6.1h,18905.781273841858,5.3h,21902.644987344742,6.1h,18970.907115221024,5.3h,51.8%
1037,1037,0.0011793518318974653,0.013082311242818832,0.999,,,21844.04544043541,6.1h,18923.46575307846,5.3h,21920.373669862747,6.1h,18988.635803937912,5.3h,51.8%
1038,1038,0.0011773915630028235,0.00942623657733202,1.0,,,21861.723869800568,6.1h,18941.144267082214,5.3h,21938.09329533577,6.1h,19006.355434417725,5.3h,51.9%
1039,1039,0.0011754314732622827,0.009081025443971156,1.0,,,21879.402678728104,6.1h,18958.823162078857,5.3h,21955.83793234825,6.1h,19024.100081205368,5.3h,51.9%
1040,1040,0.0011734715675121687,0.011818571485579014,0.999,4.813454283905029,0.1324,21952.171276569366,6.1h,18976.502331256866,5.3h,22028.784248113632,6.1h,19041.847978830338,5.3h,52.0%
1041,1041,0.0011715118505883546,0.00914721105247736,1.0,,,21969.85088467598,6.1h,18994.182037353516,5.3h,22046.541630268097,6.1h,19059.60536956787,5.3h,52.0%
1042,1042,0.0011695523273262465,0.008716456383466721,1.0,,,21987.53598499298,6.1h,19011.867277622223,5.3h,22064.308327436447,6.1h,19077.3720703125,5.3h,52.1%
1043,1043,0.0011675930025607736,0.013450550496578216,0.999,,,22005.21394777298,6.1h,19029.545338392258,5.3h,22082.031053304672,6.1h,19095.094801425934,5.3h,52.1%
1044,1044,0.0011656338811263753,0.016202362805604935,0.998,,,22022.89588356018,6.1h,19047.2273709774,5.3h,22099.79394388199,6.1h,19112.857699394226,5.3h,52.2%
1045,1045,0.0011636749678569887,0.016063229076564312,0.999,,,22040.566742658615,6.1h,19064.8983001709,5.3h,22117.50838327408,6.1h,19130.57214140892,5.3h,52.2%
1046,1046,0.0011617162675860374,0.01657834529876709,0.999,,,22058.238990306854,6.1h,19082.570631980896,5.3h,22135.25155568123,6.1h,19148.31531882286,5.3h,52.3%
1047,1047,0.0011597577851464203,0.01844830847531557,0.999,,,22075.91720890999,6.1h,19100.24894595146,5.3h,22152.9852745533,6.2h,19166.04904437065,5.3h,52.3%
1048,1048,0.0011577995253704975,0.02084161315858364,0.999,,,22093.595153093338,6.1h,19117.926975488663,5.3h,22170.73500943184,6.2h,19183.79878473282,5.3h,52.4%
1049,1049,0.00115584149309008,0.01422520850598812,1.0,,,22111.27225136757,6.1h,19135.604152917862,5.3h,22188.45494246483,6.2h,19201.518723726273,5.3h,52.4%
1050,1050,0.0011538836931364186,0.01354644487053156,1.0,,,22128.95328116417,6.1h,19153.28527188301,5.3h,22206.19070506096,6.2h,19219.254491329193,5.3h,52.5%
1051,1051,0.0011519261303401898,0.01501939332485199,0.999,,,22146.63422036171,6.2h,19170.966283798218,5.3h,22223.925102233887,6.2h,19236.98889374733,5.3h,52.5%
1052,1052,0.0011499688095314852,0.01339242597669363,1.0,,,22164.31183242798,6.2h,19188.64400625229,5.3h,22241.658395528793,6.2h,19254.722191810608,5.3h,52.6%
1053,1053,0.001148011735539799,0.011586676888167858,1.0,,,22181.99697637558,6.2h,19206.32923078537,5.3h,22259.420530557632,6.2h,19272.484331846237,5.4h,52.6%
1054,1054,0.0011460549131940172,0.013003141097724437,0.999,,,22199.678557872772,6.2h,19224.010889291763,5.3h,22277.153975486755,6.2h,19290.217784166336,5.4h,52.7%
1055,1055,0.0011440983473224042,0.012613577201962472,1.0,,,22217.359219312668,6.2h,19241.691649913788,5.3h,22294.88615298271,6.2h,19307.9499669075,5.4h,52.8%
1056,1056,0.001142142042752592,0.014956229716539383,0.999,,,22235.037786722183,6.2h,19259.37030506134,5.3h,22312.648052453995,6.2h,19325.711869955063,5.4h,52.8%
1057,1057,0.001140186004311567,0.011232902817428113,1.0,,,22252.715250730515,6.2h,19277.047857761383,5.4h,22330.406438589096,6.2h,19343.47026014328,5.4h,52.8%
1058,1058,0.0011382302368256603,0.01224974163621664,0.999,,,22270.39428138733,6.2h,19294.72696709633,5.4h,22348.130524396896,6.2h,19361.194350242615,5.4h,52.9%
1059,1059,0.0011362747451205337,0.010251647405326367,1.0,,,22288.078694820404,6.2h,19312.411479473114,5.4h,22365.867899894714,6.2h,19378.93172979355,5.4h,52.9%
1060,1060,0.0011343195340211682,0.01160222179442644,0.999,4.823506393432617,0.1317,22360.7910220623,6.2h,19330.09006500244,5.4h,22438.71903371811,6.2h,19396.653713464737,5.4h,53.0%
1061,1061,0.001132364608351853,0.013608131654560566,0.999,,,22378.473169326782,6.2h,19347.772287607193,5.4h,22456.443342208862,6.2h,19414.37802505493,5.4h,53.0%
1062,1062,0.001130409972936173,0.012798276945948601,0.999,,,22396.15461087227,6.2h,19365.453817367554,5.4h,22474.167921066284,6.2h,19432.102608442307,5.4h,53.1%
1063,1063,0.001128455632596997,0.012289793103933334,0.999,,,22413.840003728867,6.2h,19383.139286756516,5.4h,22491.896379947662,6.2h,19449.83106994629,5.4h,53.1%
1064,1064,0.0011265015921564647,0.009850038953125476,1.0,,,22431.52045059204,6.2h,19400.81983590126,5.4h,22509.632131576538,6.3h,19467.56682729721,5.4h,53.2%
1065,1065,0.0011245478564359775,0.015340174540877343,0.998,,,22449.20248913765,6.2h,19418.501968860626,5.4h,22527.397299051285,6.3h,19485.33200287819,5.4h,53.2%
1066,1066,0.0011225944302561837,0.011171637054532767,1.0,,,22466.887450933456,6.2h,19436.187041044235,5.4h,22545.152379751205,6.3h,19503.087087869644,5.4h,53.3%
1067,1067,0.0011206413184369681,0.009649146720767022,1.0,,,22484.57685136795,6.2h,19453.876569747925,5.4h,22562.89399266243,6.3h,19520.828706741333,5.4h,53.3%
1068,1068,0.00111868852579744,0.016103449556976557,0.997,,,22502.265022277832,6.3h,19471.564846754074,5.4h,22580.63585281372,6.3h,19538.57057118416,5.4h,53.4%
1069,1069,0.0011167360571559212,0.01107344039529562,1.0,,,22519.940219402313,6.3h,19489.240119218826,5.4h,22598.38568997383,6.3h,19556.320414543152,5.4h,53.4%
1070,1070,0.0011147839173299343,0.010163499489426613,1.0,,,22537.622663497925,6.3h,19506.92268705368,5.4h,22616.121713399887,6.3h,19574.056444883347,5.4h,53.5%
1071,1071,0.0011128321111361897,0.01216563331708312,0.999,,,22555.303118944168,6.3h,19524.60323023796,5.4h,22633.875866413116,6.3h,19591.810603618622,5.4h,53.5%
1072,1072,0.0011108806433905757,0.009525327309966088,1.0,,,22572.98106598854,6.3h,19542.281260967255,5.4h,22651.602479934692,6.3h,19609.537226438522,5.4h,53.6%
1073,1073,0.0011089295189081441,0.009489428393542767,1.0,,,22590.656321763992,6.3h,19559.956587791443,5.4h,22669.331031560898,6.3h,19627.265782356262,5.5h,53.6%
1074,1074,0.0011069787425031018,0.012878493919968604,0.999,,,22608.34056329727,6.3h,19577.640921592712,5.4h,22687.08664703369,6.3h,19645.021404981613,5.5h,53.7%
1075,1075,0.0011050283189887947,0.016995465748012067,0.998,,,22626.019028663635,6.3h,19595.319468021393,5.4h,22704.83971619606,6.3h,19662.774479866028,5.5h,53.8%
1076,1076,0.0011030782531776995,0.012494180426001549,1.0,,,22643.69420146942,6.3h,19612.99470424652,5.4h,22722.565163850784,6.3h,19680.499930143356,5.5h,53.8%
1077,1077,0.0011011285498814093,0.010455194145441056,1.0,,,22661.36417531967,6.3h,19630.664773464203,5.5h,22740.288949012756,6.3h,19698.22372198105,5.5h,53.8%
1078,1078,0.0010991792139106238,0.013967246897518635,0.999,,,22679.046129465103,6.3h,19648.34681749344,5.5h,22758.013856887817,6.3h,19715.948635578156,5.5h,53.9%
1079,1079,0.0010972302500751345,0.011388591393828392,1.0,,,22696.72566819191,6.3h,19666.02645134926,5.5h,22775.74505019188,6.3h,19733.679834842682,5.5h,53.9%
1080,1080,0.0010952816631838174,0.01091398463398218,1.0,4.828159021759033,0.132,22769.46814608574,6.3h,19683.70451068878,5.5h,22848.677196979523,6.3h,19751.43694448471,5.5h,54.0%
1081,1081,0.0010933334580446163,0.01078431461751461,1.0,,,22787.144220352173,6.3h,19701.380651474,5.5h,22866.40567946434,6.4h,19769.165432214737,5.5h,54.0%
1082,1082,0.0010913856394645332,0.010524164989590645,1.0,,,22804.822430849075,6.3h,19719.05897474289,5.5h,22884.14793395996,6.4h,19786.907692193985,5.5h,54.1%
1083,1083,0.001089438212249618,0.011901112351566554,0.999,,,22822.49724006653,6.3h,19736.733847379684,5.5h,22901.89725136757,6.4h,19804.657012224197,5.5h,54.1%
1084,1084,0.0010874911812049528,0.00888339352607727,1.0,,,22840.177601099014,6.3h,19754.414304733276,5.5h,22919.620080947876,6.4h,19822.379848480225,5.5h,54.2%
1085,1085,0.0010855445511346433,0.017109496027231216,0.998,,,22857.857289791107,6.3h,19772.09408068657,5.5h,22937.35943722725,6.4h,19840.119213342667,5.5h,54.2%
1086,1086,0.0010835983268418059,0.00884956305846572,1.0,,,22875.538291215897,6.4h,19789.77515912056,5.5h,22955.110183000565,6.4h,19857.86996626854,5.5h,54.3%
1087,1087,0.0010816525131285557,0.009596847862005233,1.0,,,22893.219110012054,6.4h,19807.456065893173,5.5h,22972.86629843712,6.4h,19875.626087903976,5.5h,54.4%
1088,1088,0.0010797071147959944,0.00817621549218893,1.0,,,22910.89713048935,6.4h,19825.134175777435,5.5h,22990.619068861008,6.4h,19893.378865003586,5.5h,54.4%
1089,1089,0.001077762136644199,0.007855805177241564,1.0,,,22928.57576394081,6.4h,19842.812891483307,5.5h,23008.36240530014,6.4h,19911.12220454216,5.5h,54.4%
1090,1090,0.0010758175834722097,0.01273637878894806,0.998,,,22946.262645483017,6.4h,19860.499884843826,5.5h,23026.129033088684,6.4h,19928.88883948326,5.5h,54.5%
1091,1091,0.0010738734600780181,0.011619192026555538,1.0,,,22963.94068980217,6.4h,19878.17800474167,5.5h,23043.855490922928,6.4h,19946.61530661583,5.5h,54.5%
1092,1092,0.0010719297712585558,0.0158833217471838,0.999,,,22981.623385429382,6.4h,19895.860798358917,5.5h,23061.59378695488,6.4h,19964.353609085083,5.5h,54.6%
1093,1093,0.0010699865218096814,0.011299746058881283,1.0,,,22999.302859067917,6.4h,19913.54036140442,5.5h,23079.34534072876,6.4h,19982.10516643524,5.6h,54.6%
1094,1094,0.00106804371652617,0.012650996334850789,1.0,,,23016.981252908707,6.4h,19931.218859434128,5.5h,23097.07416987419,6.4h,19999.834003925323,5.6h,54.7%
1095,1095,0.0010661013602017001,0.017007479965686797,0.998,,,23034.664687395096,6.4h,19948.902400493622,5.5h,23114.829174518585,6.4h,20017.589015483856,5.6h,54.8%
1096,1096,0.0010641594576288433,0.01721022988110781,0.999,,,23052.345563411713,6.4h,19966.583352804184,5.5h,23132.57159781456,6.4h,20035.33144402504,5.6h,54.8%
1097,1097,0.0010622180135990502,0.013405636765062809,0.999,,,23070.02853870392,6.4h,19984.266419410706,5.6h,23150.303112745285,6.4h,20053.06296491623,5.6h,54.9%
1098,1098,0.0010602770329026423,0.01736914760619402,0.999,,,23087.70668745041,6.4h,20001.944647312164,5.6h,23168.038474321365,6.4h,20070.79833006859,5.6h,54.9%
1099,1099,0.001058336520328796,0.01574257269501686,1.0,,,23105.382454156876,6.4h,20019.620490074158,5.6h,23185.761858701706,6.4h,20088.52172088623,5.6h,54.9%
1100,1100,0.001056396480665533,0.013364613205194473,1.0,4.834785073852539,0.1289,23178.125675678253,6.4h,20037.296929836273,5.6h,23258.676884651184,6.5h,20106.272990703583,5.6h,55.0%
1101,1101,0.0010544569186997084,0.015718251243233682,1.0,,,23195.804398536682,6.4h,20054.9757270813,5.6h,23276.400086164474,6.5h,20123.996195077896,5.6h,55.0%
1102,1102,0.0010525178392169986,0.015582668416202069,1.0,,,23213.480465888977,6.4h,20072.651894807816,5.6h,23294.13322329521,6.5h,20141.729336738586,5.6h,55.1%
1103,1103,0.001050579247001889,0.01403484196960926,1.0,,,23231.161002397537,6.5h,20090.332503557205,5.6h,23311.853838443756,6.5h,20159.44995522499,5.6h,55.1%
1104,1104,0.0010486411468376639,0.013364172838628292,1.0,,,23248.84098124504,6.5h,20108.0125977993,5.6h,23329.592344999313,6.5h,20177.188469409943,5.6h,55.2%
1105,1105,0.0010467035435063926,0.012795187450945378,1.0,,,23266.52959728241,6.5h,20125.701313972473,5.6h,23347.32506108284,6.5h,20194.921190023422,5.6h,55.2%
1106,1106,0.0010447664417889185,0.011089669696986675,0.999,,,23284.212601184845,6.5h,20143.384424686432,5.6h,23365.065034866333,6.5h,20212.66116809845,5.6h,55.3%
1107,1107,0.0010428298464648475,0.014667039565742016,0.999,,,23301.89369726181,6.5h,20161.065615177155,5.6h,23382.819233894348,6.5h,20230.415372371674,5.6h,55.4%
1108,1108,0.0010408937623125362,0.013020104467868806,0.999,,,23319.57353401184,6.5h,20178.74554491043,5.6h,23400.578023433685,6.5h,20248.174168109894,5.6h,55.4%
1109,1109,0.0010389581941090797,0.013656989805400371,0.999,,,23337.25157737732,6.5h,20196.423679590225,5.6h,23418.30233645439,6.5h,20265.898488759995,5.6h,55.5%
1110,1110,0.0010370231466303003,0.01681043966114521,0.999,,,23354.932846546173,6.5h,20214.105051994324,5.6h,23436.05817770958,6.5h,20283.654336690903,5.6h,55.5%
1111,1111,0.001035088624650735,0.016318742983043193,0.999,,,23372.612967967987,6.5h,20231.7852499485,5.6h,23453.81285715103,6.5h,20301.409021615982,5.6h,55.5%
1112,1112,0.001033154632943625,0.015262871280312538,0.999,,,23390.28761100769,6.5h,20249.45996594429,5.6h,23471.555706739426,6.5h,20319.151875019073,5.6h,55.6%
1113,1113,0.0010312211762809021,0.013354022294282912,1.0,,,23407.964826345444,6.5h,20267.137267827988,5.6h,23489.302411317825,6.5h,20336.898584365845,5.6h,55.6%
1114,1114,0.0010292882594331787,0.011975086875259876,1.0,,,23425.646790504456,6.5h,20284.819352149963,5.6h,23507.056121349335,6.5h,20354.652298927307,5.7h,55.7%
1115,1115,0.0010273558871697344,0.013949768997728824,1.0,,,23443.329322576523,6.5h,20302.50198698044,5.6h,23524.790600776672,6.5h,20372.386781930923,5.7h,55.8%
1116,1116,0.0010254240642585063,0.01302898307144642,0.999,,,23461.009816884995,6.5h,20320.182597875595,5.6h,23542.52354979515,6.5h,20390.119736671448,5.7h,55.8%
1117,1117,0.0010234927954660756,0.009165579572319985,1.0,,,23478.684153079987,6.5h,20337.8570022583,5.6h,23560.267781496048,6.5h,20407.863973140717,5.7h,55.9%
1118,1118,0.0010215620855576553,0.008004774101078511,1.0,,,23496.361267328262,6.5h,20355.534204483032,5.7h,23578.00671362877,6.5h,20425.602911233902,5.7h,55.9%
1119,1119,0.0010196319392970804,0.007532162293791771,1.0,,,23514.038066625595,6.5h,20373.211091518402,5.7h,23595.751704454422,6.6h,20443.347905635834,5.7h,56.0%
1120,1120,0.0010177023614467953,0.010854215368628501,0.999,4.87916424484253,0.1347,23586.782377243042,6.6h,20390.88658976555,5.7h,23668.658606290817,6.6h,20461.09794664383,5.7h,56.0%
1121,1121,0.0010157733567678412,0.007852390572428704,1.0,,,23604.46022796631,6.6h,20408.564522743225,5.7h,23686.404779672623,6.6h,20478.84413099289,5.7h,56.0%
1122,1122,0.0010138449300198455,0.009426383063197137,0.999,,,23622.137979984283,6.6h,20426.242351293564,5.7h,23704.155429124832,6.6h,20496.594785690308,5.7h,56.1%
1123,1123,0.0010119170859610098,0.006742434199899435,1.0,,,23639.81128001213,6.6h,20443.915739536285,5.7h,23721.906633138657,6.6h,20514.34599494934,5.7h,56.1%
1124,1124,0.0010099898293480971,0.006016049530357123,1.0,,,23657.493099689484,6.6h,20461.59763598442,5.7h,23739.631360054016,6.6h,20532.07072877884,5.7h,56.2%
1125,1125,0.001008063164936422,0.004972581438720226,1.0,,,23675.175865888596,6.6h,20479.280467510223,5.7h,23757.362713098526,6.6h,20549.802084684372,5.7h,56.2%
1126,1126,0.0010061370974798367,0.007681057412177324,0.999,,,23692.856025457382,6.6h,20496.96075153351,5.7h,23775.11914539337,6.6h,20567.558522701263,5.7h,56.3%
1127,1127,0.0010042116317307218,0.006065852403640747,1.0,,,23710.53840303421,6.6h,20514.643226146698,5.7h,23792.872155189514,6.6h,20585.311537981033,5.7h,56.4%
1128,1128,0.001002286772439973,0.006073606289923191,1.0,,,23728.220255851746,6.6h,20532.32515668869,5.7h,23810.62434029579,6.6h,20603.063727617264,5.7h,56.4%
1129,1129,0.0010003625243569885,0.005590070046484471,1.0,,,23745.90060210228,6.6h,20550.005580186844,5.7h,23828.377972602844,6.6h,20620.817365169525,5.7h,56.5%
1130,1130,0.0009984388922296592,0.004718373484909534,1.0,,,23763.58758330345,6.6h,20567.692677259445,5.7h,23846.14158654213,6.6h,20638.580983877182,5.7h,56.5%
1131,1131,0.0009965158808043567,0.006101086590439081,1.0,,,23781.269360542297,6.6h,20585.374532938004,5.7h,23863.878284215927,6.6h,20656.317686080933,5.7h,56.5%
1132,1132,0.00099459349482592,0.006346012206748128,1.0,,,23798.951193332672,6.6h,20603.056434869766,5.7h,23881.628900051117,6.6h,20674.068308115005,5.7h,56.6%
1133,1133,0.0009926717390376452,0.008225135087966918,0.999,,,23816.631408452988,6.6h,20620.73673939705,5.7h,23899.380997419357,6.6h,20691.820408582687,5.7h,56.6%
1134,1134,0.0009907506181812747,0.008795025885105133,0.999,,,23834.3123524189,6.6h,20638.417783498764,5.7h,23917.14404797554,6.6h,20709.583463668823,5.8h,56.7%
1135,1135,0.0009888301369969826,0.007587089814245701,1.0,,,23851.9907476902,6.6h,20656.096270799637,5.7h,23934.867030382156,6.6h,20727.30645084381,5.8h,56.8%
1136,1136,0.0009869103002233652,0.007218872524797916,1.0,,,23869.677320480347,6.6h,20673.782948732376,5.7h,23952.632571697235,6.7h,20745.071999788284,5.8h,56.8%
1137,1137,0.0009849911125974287,0.006641560990363359,1.0,,,23887.359083414078,6.6h,20691.464807987213,5.7h,23970.360454559326,6.7h,20762.799887418747,5.8h,56.9%
1138,1138,0.0009830725788545786,0.006377737041562795,1.0,,,23905.04722714424,6.6h,20709.15305352211,5.8h,23988.087933540344,6.7h,20780.527371406555,5.8h,56.9%
1139,1139,0.0009811547037286053,0.010270701333880425,0.999,,,23922.722157478333,6.6h,20726.828046560287,5.8h,24005.831439495087,6.7h,20798.270882606506,5.8h,57.0%
1140,1140,0.0009792374919516756,0.007597986970096827,1.0,4.901624978637695,0.1344,23995.47318816185,6.7h,20744.510974884033,5.8h,24078.74580669403,6.7h,20816.021951913834,5.8h,57.0%
1141,1141,0.0009773209482543187,0.010279254704713822,0.999,,,24013.158286094666,6.7h,20762.19615674019,5.8h,24096.475689411163,6.7h,20833.751840353012,5.8h,57.0%
1142,1142,0.0009754050773654159,0.010220527794212102,0.999,,,24030.842701911926,6.7h,20779.88065457344,5.8h,24114.226191997528,6.7h,20851.502346277237,5.8h,57.1%
1143,1143,0.0009734898840121882,0.011064204335212708,0.998,,,24048.516338586807,6.7h,20797.554360866547,5.8h,24131.971396923065,6.7h,20869.247554063797,5.8h,57.1%
1144,1144,0.0009715753729201843,0.011571032613515855,1.0,,,24066.1972591877,6.7h,20815.235391139984,5.8h,24149.714834928513,6.7h,20886.99099636078,5.8h,57.2%
1145,1145,0.0009696615488132702,0.010151627644896508,1.0,,,24083.875688552856,6.7h,20832.913916110992,5.8h,24167.466155290604,6.7h,20904.74232172966,5.8h,57.2%
1146,1146,0.0009677484164136173,0.0109699697047472,1.0,,,24101.556447029114,6.7h,20850.594772577286,5.8h,24185.225998401642,6.7h,20922.50217151642,5.8h,57.3%
1147,1147,0.000965835980441689,0.009589848406612873,1.0,,,24119.234392881393,6.7h,20868.272832393646,5.8h,24202.94517636299,6.7h,20940.22135734558,5.8h,57.4%
1148,1148,0.0009639242456162307,0.009245377093553542,1.0,,,24136.91317152977,6.7h,20885.951726436615,5.8h,24220.702154397964,6.7h,20957.97834086418,5.8h,57.4%
1149,1149,0.0009620132166542587,0.009243451736867428,0.999,,,24154.593272447586,6.7h,20903.631916046143,5.8h,24238.453441619873,6.7h,20975.729635477066,5.8h,57.5%
1150,1150,0.0009601028982710467,0.007952065475285054,1.0,,,24172.27233815193,6.7h,20921.311052799225,5.8h,24256.203639745712,6.7h,20993.479836940765,5.8h,57.5%
1151,1151,0.0009581932951801151,0.009044896475970746,1.0,,,24189.95286154747,6.7h,20938.991704940796,5.8h,24273.936379909515,6.7h,21011.21258211136,5.8h,57.6%
1152,1152,0.00095628441209322,0.010929340444505215,0.999,,,24207.629177093506,6.7h,20956.668124437332,5.8h,24291.6876680851,6.7h,21028.963874578476,5.8h,57.6%
1153,1153,0.0009543762537203409,0.009255017425864934,1.0,,,24225.30881023407,6.7h,20974.347833156586,5.8h,24309.445646762848,6.8h,21046.721855401993,5.8h,57.6%
1154,1154,0.0009524688247696686,0.01647985979914665,0.998,,,24242.983258247375,6.7h,20992.02237010002,5.8h,24327.160561323166,6.8h,21064.43677687645,5.9h,57.7%
1155,1155,0.0009505621299475945,0.011540138073265552,1.0,,,24260.658858060837,6.7h,21009.698058366776,5.8h,24344.912061452866,6.8h,21082.188282251358,5.9h,57.8%
1156,1156,0.0009486561739586986,0.01526134953647852,0.999,,,24278.33977985382,6.7h,21027.37908220291,5.8h,24362.661673545837,6.8h,21099.937900543213,5.9h,57.8%
1157,1157,0.0009467509615057374,0.01498710758984089,0.999,,,24296.017956495285,6.7h,21045.057368278503,5.8h,24380.414390325546,6.8h,21117.690621852875,5.9h,57.9%
1158,1158,0.000944846497289634,0.017648625925183296,0.999,,,24313.690392255783,6.8h,21062.729890823364,5.9h,24398.15824007988,6.8h,21135.434478998184,5.9h,57.9%
1159,1159,0.0009429427860094638,0.010922899052500724,1.0,,,24331.369950056076,6.8h,21080.409529924393,5.9h,24415.90795135498,6.8h,21153.184196949005,5.9h,58.0%
1160,1160,0.0009410398323624457,0.009087957873940468,1.0,4.879735169982911,0.1336,24404.136135578156,6.8h,21098.09122943878,5.9h,24488.833054065704,6.8h,21170.938584804535,5.9h,58.0%
1161,1161,0.0009391376410439285,0.017167001336812975,0.998,,,24421.81726050377,6.8h,21115.772439479828,5.9h,24506.557058811188,6.8h,21188.6625957489,5.9h,58.1%
1162,1162,0.0009372362167473801,0.00964946923032403,1.0,,,24439.495522737503,6.8h,21133.45077729225,5.9h,24524.310123682022,6.8h,21206.415665388107,5.9h,58.1%
1163,1163,0.0009353355641643753,0.012102189213037491,0.999,,,24457.177177667618,6.8h,21151.13252043724,5.9h,24542.044111013412,6.8h,21224.149657964706,5.9h,58.1%
1164,1164,0.0009334356879845867,0.01406742562353611,0.999,,,24474.86377263069,6.8h,21168.819215536118,5.9h,24559.8000664711,6.8h,21241.90561938286,5.9h,58.2%
1165,1165,0.0009315365928957694,0.011747472479939462,1.0,,,24492.5459523201,6.8h,21186.501480817795,5.9h,24577.531346797943,6.8h,21259.636905670166,5.9h,58.2%
1166,1166,0.000929638283583751,0.01588907903432846,0.998,,,24510.22994184494,6.8h,21204.185568094254,5.9h,24595.285628080368,6.8h,21277.391194343567,5.9h,58.3%
1167,1167,0.0009277407647324221,0.02025636576861143,0.998,,,24527.909415245056,6.8h,21221.865132331848,5.9h,24613.009926080704,6.8h,21295.11549639702,5.9h,58.4%
1168,1168,0.0009258440410237213,0.01524007749557495,1.0,,,24545.588173389435,6.8h,21239.54396700859,5.9h,24630.739119529724,6.8h,21312.84469628334,5.9h,58.4%
1169,1169,0.0009239481171376257,0.014508698537945747,1.0,,,24563.265023946762,6.8h,21257.220880031586,5.9h,24648.487019777298,6.8h,21330.5925989151,5.9h,58.5%
1170,1170,0.0009220529977521393,0.018021407082676886,1.0,,,24580.94618821144,6.8h,21274.90213227272,5.9h,24666.24066877365,6.9h,21348.346252679825,5.9h,58.5%
1171,1171,0.0009201586875432808,0.016147463887929918,1.0,,,24598.622741937637,6.8h,21292.578771352768,5.9h,24683.991748809814,6.9h,21366.09733748436,5.9h,58.6%
1172,1172,0.0009182651911850721,0.019173063203692435,0.999,,,24616.30060505867,6.8h,21310.25669527054,5.9h,24701.721554756165,6.9h,21383.827146053314,5.9h,58.6%
1173,1173,0.0009163725133495276,0.01565230716019869,1.0,,,24633.977954387665,6.8h,21327.934126138687,5.9h,24719.470666646957,6.9h,21401.576261758804,5.9h,58.7%
1174,1174,0.0009144806587066412,0.011776455342769623,1.0,,,24651.66946387291,6.8h,21345.625750780106,5.9h,24737.238445997238,6.9h,21419.344047546387,5.9h,58.7%
1175,1175,0.0009125896319243763,0.013977363470941782,0.999,,,24669.35497522354,6.9h,21363.311362981796,5.9h,24754.979075431824,6.9h,21437.084683418274,6.0h,58.8%
1176,1176,0.0009106994376686541,0.010839023023843765,1.0,,,24687.035585403442,6.9h,21380.992038726807,5.9h,24772.728066921234,6.9h,21454.833679914474,6.0h,58.8%
1177,1177,0.0009088100806033402,0.01405138260126114,0.999,,,24704.7238342762,6.9h,21398.680379390717,5.9h,24790.48382949829,6.9h,21472.58944749832,6.0h,58.9%
1178,1178,0.0009069215653902361,0.014525500282645225,0.999,,,24722.408191919327,6.9h,21416.36482667923,5.9h,24808.21255016327,6.9h,21490.318177223206,6.0h,58.9%
1179,1179,0.0009050338966890651,0.01272813904285431,1.0,,,24740.090069532394,6.9h,21434.046798467636,6.0h,24825.968109607697,6.9h,21508.073740959167,6.0h,59.0%
1180,1180,0.0009031470791574617,0.013433512687683105,1.0,4.885631373596191,0.1319,24812.879057645798,6.9h,21451.72511959076,6.0h,24898.929637908936,6.9h,21525.825772047043,6.0h,59.0%
1181,1181,0.0009012611174509602,0.013540558986365796,1.0,,,24830.561197280884,6.9h,21469.407340049744,6.0h,24916.667942285538,6.9h,21543.564082860947,6.0h,59.1%
1182,1182,0.0008993760162229849,0.013257969863712788,1.0,,,24848.23955988884,6.9h,21487.085800409317,6.0h,24934.388988256454,6.9h,21561.285133838654,6.0h,59.1%
1183,1183,0.0008974917801248352,0.011283530168235302,1.0,,,24865.915764570236,6.9h,21504.76206755638,6.0h,24952.108749628067,6.9h,21579.0048995018,6.0h,59.2%
1184,1184,0.0008956084138056762,0.014947260037064551,0.999,,,24883.59459066391,6.9h,21522.440968751907,6.0h,24969.860599279404,6.9h,21596.75675702095,6.0h,59.2%
1185,1185,0.0008937259219125268,0.013170226715505122,0.999,,,24901.276486635208,6.9h,21540.122953891754,6.0h,24987.617313861847,6.9h,21614.513477563858,6.0h,59.2%
1186,1186,0.0008918443090902493,0.012285519048571586,0.999,,,24918.9543364048,6.9h,21557.80089187622,6.0h,25005.365266561508,6.9h,21632.26143527031,6.0h,59.3%
1187,1187,0.0008899635799815357,0.008909118052572012,1.0,,,24936.635004520416,6.9h,21575.481626033783,6.0h,25023.118639230728,7.0h,21650.014810800552,6.0h,59.4%
1188,1188,0.000888083739226898,0.007969044603407383,1.0,,,24954.317001581192,6.9h,21593.163726568222,6.0h,25040.85185933113,7.0h,21667.748036146164,6.0h,59.4%
1189,1189,0.0008862047914646573,0.008171887371689081,1.0,,,24971.9951608181,6.9h,21610.841984033585,6.0h,25058.59997677803,7.0h,21685.496160030365,6.0h,59.5%
1190,1190,0.0008843267413309298,0.013305310532450676,0.998,,,24989.67556285858,6.9h,21628.522506952286,6.0h,25076.32462477684,7.0h,21703.220813035965,6.0h,59.5%
1191,1191,0.0008824495934596174,0.007862647876143455,1.0,,,25007.35382461548,6.9h,21646.200858592987,6.0h,25094.065480709076,7.0h,21720.96167564392,6.0h,59.6%
1192,1192,0.000880573352482396,0.007963664166629315,1.0,,,25025.027826309204,7.0h,21663.874933958054,6.0h,25111.797806739807,7.0h,21738.69400548935,6.0h,59.6%
1193,1193,0.0008786980230287035,0.008930743161588907,0.999,,,25042.704491853714,7.0h,21681.551725149155,6.0h,25129.516508817673,7.0h,21756.412713050842,6.0h,59.7%
1194,1194,0.0008768236097257295,0.008600077413022518,1.0,,,25060.386532068253,7.0h,21699.23386836052,6.0h,25147.253361701965,7.0h,21774.149570465088,6.0h,59.7%
1195,1195,0.0008749501171984021,0.008855508655309678,1.0,,,25078.059859275818,7.0h,21716.907269716263,6.0h,25164.999602794647,7.0h,21791.895815372467,6.1h,59.8%
1196,1196,0.0008730775500693777,0.0077338416315615175,1.0,,,25095.739885807037,7.0h,21734.587431192398,6.0h,25182.736889362335,7.0h,21809.6331076622,6.1h,59.8%
1197,1197,0.00087120591295903,0.008960589546710253,0.999,,,25113.42634701729,7.0h,21752.274004220963,6.0h,25200.500900745392,7.0h,21827.397123098373,6.1h,59.9%
1198,1198,0.0008693352104854372,0.0055942778997123245,1.0,,,25131.110886335373,7.0h,21769.9586455822,6.0h,25218.22973203659,7.0h,21845.125959396362,6.1h,59.9%
1199,1199,0.0008674654472643713,0.010711362399160863,0.998,,,25148.790815114975,7.0h,21787.638662576675,6.1h,25235.960109472275,7.0h,21862.85634469986,6.1h,60.0%
1200,1200,0.0008655966279092882,0.006291622273623943,1.0,4.932854139709472,0.1319,25221.552149772644,7.0h,21805.321214675903,6.1h,25308.893533468246,7.0h,21880.618272304535,6.1h,60.0%
1201,1201,0.0008637287570313132,0.005968704108148813,1.0,,,25239.234642744064,7.0h,21823.00378894806,6.1h,25326.648414373398,7.0h,21898.373162269592,6.1h,60.1%
1202,1202,0.0008618618392392322,0.004429929062724113,1.0,,,25256.91521525383,7.0h,21840.684460878372,6.1h,25344.371212244034,7.0h,21916.095965623856,6.1h,60.1%
1203,1203,0.0008599958791394789,0.00998631551489234,0.999,,,25274.594622135162,7.0h,21858.36395215988,6.1h,25362.116882562637,7.0h,21933.841641187668,6.1h,60.2%
1204,1204,0.0008581308813361248,0.005029796194285154,1.0,,,25292.268194913864,7.0h,21876.03760266304,6.1h,25379.862745285034,7.0h,21951.587511062622,6.1h,60.2%
1205,1205,0.0008562668504308664,0.004613223664462566,1.0,,,25309.939309358597,7.0h,21893.708788633347,6.1h,25397.573065042496,7.1h,21969.29783630371,6.1h,60.2%
1206,1206,0.0008544037910230149,0.004224879205226898,1.0,,,25327.613488674164,7.0h,21911.383039474487,6.1h,25415.30157184601,7.1h,21987.026346683502,6.1h,60.3%
1207,1207,0.0008525417077094836,0.004241598937660455,1.0,,,25345.29012322426,7.0h,21929.059769153595,6.1h,25433.044404506683,7.1h,22004.76918363571,6.1h,60.4%
1208,1208,0.0008506806050847789,0.003490749165415764,1.0,,,25362.967946767807,7.0h,21946.737669229507,6.1h,25450.797930955887,7.1h,22022.522713661194,6.1h,60.4%
1209,1209,0.0008488204877409856,0.006998385492712259,0.999,,,25380.64023709297,7.1h,21964.41005706787,6.1h,25468.521453380585,7.1h,22040.24623966217,6.1h,60.5%
1210,1210,0.0008469613602677588,0.006051754269748926,1.0,,,25398.31548833847,7.1h,21982.08539056778,6.1h,25486.26901292801,7.1h,22057.99380326271,6.1h,60.5%
1211,1211,0.0008451032272523105,0.006689318494871259,0.999,,,25415.99724340439,7.1h,21999.767240524292,6.1h,25503.990332603455,7.1h,22075.715126991272,6.1h,60.6%
1212,1212,0.0008432460932793996,0.005144331604242325,1.0,,,25433.681829452515,7.1h,22017.451931238174,6.1h,25521.749509096146,7.1h,22093.47430753708,6.1h,60.6%
1213,1213,0.0008413899629313194,0.004228219939395785,1.0,,,25451.36150741577,7.1h,22035.131703853607,6.1h,25539.482625246048,7.1h,22111.207430124283,6.1h,60.7%
1214,1214,0.0008395348407878866,0.004356574105098844,1.0,,,25469.043605089188,7.1h,22052.813889026642,6.1h,25557.23786187172,7.1h,22128.962670326233,6.1h,60.7%
1215,1215,0.0008376807314264313,0.0031400449611246584,1.0,,,25486.73154616356,7.1h,22070.501935482025,6.1h,25574.970789194107,7.1h,22146.695602178574,6.2h,60.8%
1216,1216,0.0008358276394217838,0.003081475157290697,1.0,,,25504.41483950615,7.1h,22088.185618400574,6.1h,25592.728729248047,7.1h,22164.453550577164,6.2h,60.8%
1217,1217,0.0008339755693462641,0.003076781829819083,1.0,,,25522.098712205887,7.1h,22105.869577646255,6.1h,25610.455051898956,7.1h,22182.179882526398,6.2h,60.9%
1218,1218,0.0008321245257696713,0.006375646516680718,0.999,,,25539.783455371857,7.1h,22123.554408550262,6.1h,25628.1836540699,7.1h,22199.90848994255,6.2h,60.9%
1219,1219,0.0008302745132592717,0.014391191326081753,0.996,,,25557.46546649933,7.1h,22141.236510276794,6.2h,25645.935766220093,7.1h,22217.6606092453,6.2h,61.0%
1220,1220,0.0008284255363797868,0.010149553265422582,0.999,4.949042997741699,0.1331,25630.21905708313,7.1h,22158.912832975388,6.2h,25718.847320079803,7.1h,22235.388263702393,6.2h,61.0%
1221,1221,0.0008265775996933833,0.01341740868985653,0.998,,,25647.897560834885,7.1h,22176.5914041996,6.2h,25736.591218709946,7.1h,22253.132165670395,6.2h,61.1%
1222,1222,0.0008247307077596616,0.006684597738087177,1.0,,,25665.576444387436,7.1h,22194.270374059677,6.2h,25754.34498143196,7.2h,22270.885932207108,6.2h,61.1%
1223,1223,0.0008228848651356434,0.005624914525076747,1.0,,,25683.262045621872,7.1h,22211.956071853638,6.2h,25772.071966171265,7.2h,22288.612922668457,6.2h,61.2%
1224,1224,0.0008210400763757625,0.007443430125713349,0.999,,,25700.938218593597,7.1h,22229.632325172424,6.2h,25789.787332057953,7.2h,22306.328294038773,6.2h,61.2%
1225,1225,0.0008191963460318512,0.004810328043997288,1.0,,,25718.621133565903,7.1h,22247.315318107605,6.2h,25807.541672945023,7.2h,22324.082642793655,6.2h,61.3%
1226,1226,0.0008173536786531312,0.004660158734768629,1.0,,,25736.295171499252,7.1h,22264.989436864853,6.2h,25825.27959537506,7.2h,22341.820568799973,6.2h,61.3%
1227,1227,0.0008155120787862013,0.003928401887416839,1.0,,,25753.971585989,7.2h,22282.66592311859,6.2h,25843.031292676926,7.2h,22359.57226872444,6.2h,61.4%
1228,1228,0.0008136715509750256,0.009908251034095884,0.998,,,25771.650953292847,7.2h,22300.34540081024,6.2h,25860.779836416245,7.2h,22377.320816278458,6.2h,61.4%
1229,1229,0.0008118320997609237,0.0049249170832335945,1.0,,,25789.32370209694,7.2h,22318.01823401451,6.2h,25878.494566679,7.2h,22395.035552978516,6.2h,61.5%
1230,1230,0.0008099937296825588,0.006211926586925983,0.999,,,25807.00264620781,7.2h,22335.69726872444,6.2h,25896.24531674385,7.2h,22412.78630709648,6.2h,61.5%
1231,1231,0.0008081564452759262,0.004420668251812458,1.0,,,25824.681831359863,7.2h,22353.376539468765,6.2h,25913.994034290314,7.2h,22430.535029172897,6.2h,61.6%
1232,1232,0.0008063202510743422,0.0039043025113642215,1.0,,,25842.363644361496,7.2h,22371.058428525925,6.2h,25931.74756002426,7.2h,22448.288559436798,6.2h,61.6%
1233,1233,0.0008044851516084342,0.003627906637266278,1.0,,,25860.042042970657,7.2h,22388.73691892624,6.2h,25949.47688484192,7.2h,22466.0178899765,6.2h,61.7%
1234,1234,0.0008026511514061271,0.003247320901602507,1.0,,,25877.720005989075,7.2h,22406.415018081665,6.2h,25967.202478170395,7.2h,22483.743487358093,6.2h,61.7%
1235,1235,0.0008008182549926343,0.0031247935276478528,1.0,,,25895.40438556671,7.2h,22424.099488973618,6.2h,25984.95491194725,7.2h,22501.495925426483,6.3h,61.8%
1236,1236,0.0007989864668904452,0.0029905847366899253,1.0,,,25913.082912921906,7.2h,22441.778089284897,6.2h,26002.684651374817,7.2h,22519.225672483444,6.3h,61.8%
1237,1237,0.0007971557916193154,0.00264354825951159,1.0,,,25930.770547389984,7.2h,22459.465821027756,6.2h,26020.444797754288,7.2h,22536.985822439194,6.3h,61.9%
1238,1238,0.0007953262336962538,0.0028484029918909074,1.0,,,25948.460821151733,7.2h,22477.15619134903,6.2h,26038.18809390068,7.2h,22554.72912478447,6.3h,61.9%
1239,1239,0.0007934977976355128,0.002723179645836353,1.0,,,25966.138506174088,7.2h,22494.83396434784,6.2h,26055.938772916794,7.2h,22572.47980952263,6.3h,62.0%
1240,1240,0.0007916704879485766,0.0028328015487641095,1.0,4.996734083557129,0.1339,26038.888850927353,7.2h,22512.514546632767,6.3h,26128.82906317711,7.3h,22590.202434301376,6.3h,62.0%
1241,1241,0.00078984430914415,0.0028241304885596036,1.0,,,26056.56711435318,7.2h,22530.19288253784,6.3h,26146.55010867119,7.3h,22607.923483133316,6.3h,62.1%
1242,1242,0.0007880192657281481,0.00488402665220201,0.999,,,26074.248494386673,7.2h,22547.87436938286,6.3h,26164.30558156967,7.3h,22625.678961992264,6.3h,62.1%
1243,1243,0.0007861953622036836,0.005133529553189874,0.999,,,26091.925102949142,7.2h,22565.551045894623,6.3h,26182.032138109207,7.3h,22643.405522346497,6.3h,62.2%
1244,1244,0.0007843726030710577,0.005555213280022144,1.0,,,26109.604737758636,7.3h,22583.230777978897,6.3h,26199.785850048065,7.3h,22661.159239053726,6.3h,62.2%
1245,1245,0.0007825509928277471,0.006021602611988783,1.0,,,26127.280169487,7.3h,22600.906286478043,6.3h,26217.510513305664,7.3h,22678.883907318115,6.3h,62.3%
1246,1246,0.0007807305359683939,0.012356641244143247,0.998,,,26144.966329336166,7.3h,22618.59357523918,6.3h,26235.277069807053,7.3h,22696.650470256805,6.3h,62.3%
1247,1247,0.0007789112369847941,0.004916952956467867,1.0,,,26162.64274930954,7.3h,22636.270074367523,6.3h,26253.024040699005,7.3h,22714.39744734764,6.3h,62.4%
1248,1248,0.000777093100365888,0.00993273252248764,0.999,,,26180.31911754608,7.3h,22653.946534872055,6.3h,26270.772653341293,7.3h,22732.146065711975,6.3h,62.4%
1249,1249,0.0007752761305977464,0.006405721146613359,1.0,,,26197.996205329895,7.3h,22671.623715400696,6.3h,26288.521203279495,7.3h,22749.894622325897,6.3h,62.5%
1250,1250,0.0007734603321635613,0.00536791805922985,1.0,,,26215.681690454483,7.3h,22689.309343338013,6.3h,26306.252400398254,7.3h,22767.625826358795,6.3h,62.5%
1251,1251,0.0007716457095436354,0.007794438265264035,1.0,,,26233.36110162735,7.3h,22706.988842010498,6.3h,26323.984670877457,7.3h,22785.358102321625,6.3h,62.5%
1252,1252,0.0007698322672153694,0.005564066153019667,1.0,,,26251.04331636429,7.3h,22724.6711435318,6.3h,26341.737975358963,7.3h,22803.111409902573,6.3h,62.6%
1253,1253,0.000768020009653252,0.0150546770170331,0.997,,,26268.719182014465,7.3h,22742.347103357315,6.3h,26359.485951185226,7.3h,22820.859392404556,6.3h,62.6%
1254,1254,0.0007662089413288483,0.006670424543321132,1.0,,,26286.39502429962,7.3h,22760.02301645279,6.3h,26377.229032754898,7.3h,22838.602478027344,6.3h,62.7%
1255,1255,0.0007643990667107901,0.008546515252441168,0.999,,,26304.071121692657,7.3h,22777.699214220047,6.3h,26394.974899053574,7.3h,22856.34834909439,6.3h,62.7%
1256,1256,0.0007625903902647625,0.011073635533452034,0.999,,,26321.752159833908,7.3h,22795.38036751747,6.3h,26412.72737455368,7.3h,22874.100828886032,6.4h,62.8%
1257,1257,0.0007607829164534948,0.005642757296562195,1.0,,,26339.432926893234,7.3h,22813.06122493744,6.3h,26430.480400800705,7.3h,22891.853860616684,6.4h,62.8%
1258,1258,0.000758976649736749,0.007912666395306587,0.999,,,26357.10880804062,7.3h,22830.737186908722,6.3h,26448.221654176712,7.3h,22909.59513115883,6.4h,62.9%
1259,1259,0.0007571715945713087,0.00606722816824913,1.0,,,26374.783184051514,7.3h,22848.41165137291,6.3h,26465.949370145798,7.4h,22927.32285141945,6.4h,62.9%
1260,1260,0.0007553677554109686,0.004109684363007546,1.0,4.979619700622559,0.1334,26447.5706243515,7.3h,22866.086769104004,6.4h,26538.92918086052,7.4h,22945.073521614075,6.4h,63.0%
1261,1261,0.0007535651367065216,0.005045103017240763,1.0,,,26465.2454662323,7.4h,22883.761682271957,6.4h,26556.67324948311,7.4h,22962.81759572029,6.4h,63.0%
1262,1262,0.0007517637429057511,0.0033023678846657275,1.0,,,26482.919830083847,7.4h,22901.436128616333,6.4h,26574.416816949844,7.4h,22980.56116771698,6.4h,63.1%
1263,1263,0.0007499635784534168,0.010723436430096626,0.999,,,26500.594695568085,7.4h,22919.11108970642,6.4h,26592.13741493225,7.4h,22998.28177165985,6.4h,63.1%
1264,1264,0.0007481646477912454,0.005559413880109787,1.0,,,26518.263087034225,7.4h,22936.779557466507,6.4h,26609.874402999878,7.4h,23016.018766880035,6.4h,63.2%
1265,1265,0.0007463669553579191,0.007632956184446812,0.999,,,26535.933376312256,7.4h,22954.44990992546,6.4h,26627.6134493351,7.4h,23033.757816791534,6.4h,63.2%
1266,1266,0.0007445705055890662,0.006356002416461706,0.999,,,26553.611608743668,7.4h,22972.128232955933,6.4h,26645.340728521347,7.4h,23051.485101222992,6.4h,63.3%
1267,1267,0.0007427753029172476,0.007057732805609703,0.999,,,26571.288928747177,7.4h,22989.805646181107,6.4h,26663.09318780899,7.4h,23069.237566947937,6.4h,63.3%
1268,1268,0.0007409813517719473,0.007123537406325341,0.999,,,26588.96652650833,7.4h,23007.48333477974,6.4h,26680.84197974205,7.4h,23086.986366033554,6.4h,63.4%
1269,1269,0.0007391886565795612,0.0048747318983078,1.0,,,26606.646138191223,7.4h,23025.163036346436,6.4h,26698.57226705551,7.4h,23104.71665740013,6.4h,63.4%
1270,1270,0.0007373972217633869,0.00666497678309679,0.999,,,26624.32347393036,7.4h,23042.840465545654,6.4h,26716.303075790405,7.4h,23122.447469472885,6.4h,63.5%
1271,1271,0.0007356070517436116,0.010312044516205788,0.999,,,26641.998335123062,7.4h,23060.515432357788,6.4h,26734.018345832825,7.4h,23140.162744998932,6.4h,63.5%
1272,1272,0.0007338181509373015,0.006620887614786625,1.0,,,26659.669293880463,7.4h,23078.186458587646,6.4h,26751.755853652954,7.4h,23157.900255203247,6.4h,63.6%
1273,1273,0.0007320305237583924,0.008367718782275916,0.999,,,26677.343426942825,7.4h,23095.860671520233,6.4h,26769.50430035591,7.4h,23175.648707151413,6.4h,63.6%
1274,1274,0.0007302441746176758,0.011749261632561684,0.999,,,26695.01824760437,7.4h,23113.53555727005,6.4h,26787.25338411331,7.4h,23193.397793531418,6.4h,63.7%
1275,1275,0.0007284591079227912,0.016144681863486766,0.999,,,26712.68862771988,7.4h,23131.20601296425,6.4h,26804.972006559372,7.4h,23211.116420269012,6.4h,63.7%
1276,1276,0.0007266753280782123,0.015018807798624039,0.999,,,26730.366082191467,7.4h,23148.883550405502,6.4h,26822.69012951851,7.5h,23228.834545850754,6.5h,63.8%
1277,1277,0.0007248928394852398,0.012140378329902887,0.999,,,26748.03811979294,7.4h,23166.555663108826,6.4h,26840.415494918823,7.5h,23246.55991601944,6.5h,63.8%
1278,1278,0.0007231116465419863,0.013877574868500232,0.999,,,26765.711272478104,7.4h,23184.228884220123,6.4h,26858.16451382637,7.5h,23264.30893802643,6.5h,63.9%
1279,1279,0.0007213317536433687,0.014376434609293937,0.999,,,26783.393142700195,7.4h,23201.910848140717,6.4h,26875.89529323578,7.5h,23282.03972053528,6.5h,63.9%
1280,1280,0.0007195531651810951,0.011923226572573185,1.0,4.923058024597168,0.1301,26856.12297129631,7.5h,23219.58762383461,6.4h,26948.78556036949,7.5h,23299.782332658768,6.5h,64.0%
1281,1281,0.0007177758855436569,0.00924183838069439,1.0,,,26873.820018291473,7.5h,23237.284829378128,6.5h,26966.559862852097,7.5h,23317.556640148163,6.5h,64.0%
1282,1282,0.000715999919116314,0.0063013299331068995,1.0,,,26891.503345251083,7.5h,23254.968294382095,6.5h,26984.299159288406,7.5h,23335.295943260193,6.5h,64.1%
1283,1283,0.0007142252702810874,0.006346672289073468,1.0,,,26909.183734178543,7.5h,23272.648772716522,6.5h,27002.061537742615,7.5h,23353.05832839012,6.5h,64.1%
1284,1284,0.0007124519434167466,0.005868078976869583,1.0,,,26926.86138701439,7.5h,23290.32652449608,6.5h,27019.794264793396,7.5h,23370.79106068611,6.5h,64.2%
1285,1285,0.0007106799428987995,0.010316364601254463,0.999,,,26944.540702342987,7.5h,23308.005929231644,6.5h,27037.526041269302,7.5h,23388.522841453552,6.5h,64.2%
1286,1286,0.0007089092730994803,0.009090324964374303,0.999,,,26962.220551252365,7.5h,23325.68588399887,6.5h,27055.27131676674,7.5h,23406.268124580383,6.5h,64.3%
1287,1287,0.000707139938387742,0.006842159129679203,1.0,,,26979.90154147148,7.5h,23343.366970062256,6.5h,27073.020799160004,7.5h,23424.01761317253,6.5h,64.3%
1288,1288,0.0007053719431292419,0.0056475019678473475,1.0,,,26997.581493616104,7.5h,23361.047011613846,6.5h,27090.770334243774,7.5h,23441.767153263092,6.5h,64.4%
1289,1289,0.000703605291686332,0.004494471326470375,1.0,,,27015.263830423355,7.5h,23378.729473114014,6.5h,27108.529548168182,7.5h,23459.526374578476,6.5h,64.5%
1290,1290,0.0007018399884180493,0.010566240191459656,0.998,,,27032.947115182877,7.5h,23396.412868738174,6.5h,27126.28628396988,7.5h,23477.28312063217,6.5h,64.5%
1291,1291,0.0007000760376801038,0.006484213100746274,0.999,,,27050.630840539932,7.5h,23414.096667289734,6.5h,27144.027451753616,7.5h,23495.02429127693,6.5h,64.5%
1292,1292,0.0006983134438248695,0.004856246296316385,1.0,,,27068.31150317192,7.5h,23431.777418136597,6.5h,27161.783462524414,7.5h,23512.780307531357,6.5h,64.6%
1293,1293,0.0006965522112013712,0.003962337657809257,1.0,,,27085.989385843277,7.5h,23449.45538830757,6.5h,27179.513288974762,7.5h,23530.510142087936,6.5h,64.6%
1294,1294,0.0006947923441552744,0.003239488162100315,1.0,,,27103.66988682747,7.5h,23467.135988235474,6.5h,27197.24836397171,7.6h,23548.24522280693,6.5h,64.7%
1295,1295,0.0006930338470288776,0.003982458803802729,1.0,,,27121.35280609131,7.5h,23484.819017648697,6.5h,27215.011700868607,7.6h,23566.00856781006,6.5h,64.8%
1296,1296,0.0006912767241610966,0.003279931304976344,1.0,,,27139.03467607498,7.5h,23502.500987291336,6.5h,27232.768330812454,7.6h,23583.76520228386,6.6h,64.8%
1297,1297,0.0006895209798874578,0.006466290691867471,0.999,,,27156.710568666458,7.5h,23520.176980018616,6.5h,27250.486406564713,7.6h,23601.483283758163,6.6h,64.8%
1298,1298,0.0006877666185400851,0.003091124478727579,1.0,,,27174.39393401146,7.5h,23537.860442876816,6.5h,27268.226091861725,7.6h,23619.22297525406,6.6h,64.9%
1299,1299,0.0006860136444476916,0.006081684095785022,0.999,,,27192.07438850403,7.6h,23555.540984153748,6.5h,27285.978168725967,7.6h,23636.975058078766,6.6h,65.0%
1300,1300,0.0006842620619355662,0.0037096737548708916,1.0,4.988498225402832,0.1362,27264.840658187866,7.6h,23573.214199543,6.5h,27358.905355215073,7.6h,23654.70828795433,6.6h,65.0%
1301,1301,0.0006825118753255644,0.0035031298976391555,1.0,,,27282.516834259033,7.6h,23590.89045190811,6.6h,27376.6504611969,7.6h,23672.453401088715,6.6h,65.0%
1302,1302,0.0006807630889360982,0.00337977384403348,1.0,,,27300.194298028946,7.6h,23608.568018436432,6.6h,27394.3979408741,7.6h,23690.200885772705,6.6h,65.1%
1303,1303,0.0006790157070821238,0.003088740602135658,1.0,,,27317.863206624985,7.6h,23626.236991882324,6.6h,27412.135383844376,7.6h,23707.938334941864,6.6h,65.1%
1304,1304,0.0006772697340751318,0.0027379227560013534,1.0,,,27335.53899049759,7.6h,23643.91289305687,6.6h,27429.864961385727,7.6h,23725.667919635773,6.6h,65.2%
1305,1305,0.0006755251742231381,0.003653226664289832,1.0,,,27353.212745904922,7.6h,23661.586723566055,6.6h,27447.590473413467,7.6h,23743.393439531326,6.6h,65.2%
1306,1306,0.0006737820318306702,0.009234525427222253,0.997,,,27370.894988775253,7.6h,23679.269119501114,6.6h,27465.319719314575,7.6h,23761.12269091606,6.6h,65.3%
1307,1307,0.0006720403111987579,0.0049309880435466765,1.0,,,27388.573724269867,7.6h,23696.947954654694,6.6h,27483.059812784195,7.6h,23778.862791776657,6.6h,65.3%
1308,1308,0.0006703000166249256,0.010376158054918051,0.999,,,27406.251891613007,7.6h,23714.62622332573,6.6h,27500.79276418686,7.6h,23796.59575009346,6.6h,65.4%
1309,1309,0.0006685611524031751,0.008110433861613274,0.999,,,27423.92627811432,7.6h,23732.300688505173,6.6h,27518.517207860947,7.6h,23814.320199728012,6.6h,65.5%
1310,1310,0.0006668237228239823,0.004523525577038527,1.0,,,27441.602118730545,7.6h,23749.976615190506,6.6h,27536.237107038498,7.6h,23832.040103912354,6.6h,65.5%
1311,1311,0.0006650877321742816,0.010865227915346623,0.999,,,27459.281346559525,7.6h,23767.65593647957,6.6h,27553.992166757584,7.7h,23849.795171260834,6.6h,65.5%
1312,1312,0.0006633531847374568,0.008402534563094378,0.999,,,27476.965391635895,7.6h,23785.340059280396,6.6h,27571.71577978134,7.7h,23867.51878786087,6.6h,65.6%
1313,1313,0.0006616200847933329,0.004635749178007245,1.0,,,27494.642182588577,7.6h,23803.016963243484,6.6h,27589.46989250183,7.7h,23885.272906303406,6.6h,65.6%
1314,1314,0.0006598884366181597,0.008718377502635122,0.998,,,27512.313235998154,7.6h,23820.688107967377,6.6h,27607.18439078331,7.7h,23902.987410783768,6.6h,65.7%
1315,1315,0.0006581582444846081,0.005531822543591261,1.0,,,27529.98990392685,7.6h,23838.364872694016,6.6h,27624.940188884735,7.7h,23920.743213891983,6.6h,65.8%
1316,1316,0.0006564295126617552,0.004286964680999517,1.0,,,27547.659143924713,7.7h,23856.03417491913,6.6h,27642.662704229355,7.7h,23938.46573138237,6.6h,65.8%
1317,1317,0.0006547022454150742,0.0035642061717808247,1.0,,,27565.337503910065,7.7h,23873.71266245842,6.6h,27660.41594696045,7.7h,23956.21898126602,6.7h,65.8%
1318,1318,0.0006529764470064263,0.0068098390586674214,0.999,,,27583.01449728012,7.7h,23891.389748096466,6.6h,27678.143079042435,7.7h,23973.946121931076,6.7h,65.9%
1319,1319,0.000651252121694047,0.01089841309376061,0.998,,,27600.690415143967,7.7h,23909.065734386444,6.6h,27695.88935661316,7.7h,23991.692402362823,6.7h,66.0%
1320,1320,0.0006495292737325378,0.0045022861994802954,1.0,4.9868188545227055,0.1326,27673.45111131668,7.7h,23926.741136789322,6.6h,27768.810813188553,7.7h,24009.433822870255,6.7h,66.0%
1321,1321,0.0006478079073728545,0.003765008747577667,1.0,,,27691.129055261612,7.7h,23944.419157266617,6.7h,27786.55981683731,7.7h,24027.182831048965,6.7h,66.0%
1322,1322,0.0006460880268622971,0.0037214023545384407,1.0,,,27708.805140018463,7.7h,23962.095343351364,6.7h,27804.305631160736,7.7h,24044.928651332855,6.7h,66.1%
1323,1323,0.0006443696364445008,0.004339655853807926,1.0,,,27726.479868650436,7.7h,23979.770170927048,6.7h,27822.05346083641,7.7h,24062.676485300064,6.7h,66.1%
1324,1324,0.0006426527403594227,0.0037673555444926025,1.0,,,27744.1531085968,7.7h,23997.443475723267,6.7h,27839.781428575516,7.7h,24080.404455900192,6.7h,66.2%
1325,1325,0.0006409373428433332,0.005817740064114332,0.999,,,27761.826297283173,7.7h,24015.116751670837,6.7h,27857.50838446617,7.7h,24098.1314163208,6.7h,66.2%
1326,1326,0.0006392234481288045,0.005174225555732846,1.0,,,27779.502647161484,7.7h,24032.79318332672,6.7h,27875.25490808487,7.7h,24115.877942323685,6.7h,66.3%
1327,1327,0.0006375110604447031,0.007726774610579014,0.999,,,27797.18063545227,7.7h,24050.471276521683,6.7h,27892.98392510414,7.7h,24133.606965065002,6.7h,66.3%
1328,1328,0.0006358001840161733,0.0044293332435190675,1.0,,,27814.863777399063,7.7h,24068.154510974884,6.7h,27910.708832025528,7.8h,24151.331877470016,6.7h,66.4%
1329,1329,0.0006340908230646337,0.009962110638618469,0.998,,,27832.544709205627,7.7h,24085.835551261902,6.7h,27928.464653015137,7.8h,24169.087707281113,6.7h,66.5%
1330,1330,0.0006323829818077634,0.0045653671659529205,1.0,,,27850.22495818138,7.7h,24103.515888929367,6.7h,27946.216749429703,7.8h,24186.839808940887,6.7h,66.5%
1331,1331,0.0006306766644594889,0.004703933447599411,1.0,,,27867.905905485153,7.7h,24121.196932792664,6.7h,27963.950630664825,7.8h,24204.57369709015,6.7h,66.5%
1332,1332,0.0006289718752299807,0.003687143448740244,1.0,,,27885.58391404152,7.7h,24138.87502169609,6.7h,27981.698410987854,7.8h,24222.321481466293,6.7h,66.6%
1333,1333,0.0006272686183256349,0.002932389257475734,1.0,,,27903.26047039032,7.8h,24156.55166220665,6.7h,27999.4442589283,7.8h,24240.06733393669,6.7h,66.6%
1334,1334,0.0006255668979490695,0.0027667377106845377,1.0,,,27920.93544268608,7.8h,24174.226717472076,6.7h,28017.179441213608,7.8h,24257.80252099037,6.7h,66.7%
1335,1335,0.0006238667182991114,0.007194144299253822,0.999,,,27938.6108648777,7.8h,24191.90221643448,6.7h,28034.92290878296,7.8h,24275.54599094391,6.7h,66.8%
1336,1336,0.0006221680835707829,0.00297313230112195,1.0,,,27956.29078769684,7.8h,24209.582236289978,6.7h,28052.65346288681,7.8h,24293.276549577713,6.7h,66.8%
1337,1337,0.0006204709979552975,0.005473080173134804,0.999,,,27973.96571135521,7.8h,24227.25724029541,6.7h,28070.371761083603,7.8h,24310.994853258133,6.8h,66.8%
1338,1338,0.0006187754656400452,0.0035036324337124826,1.0,,,27991.642411231995,7.8h,24244.9340133667,6.7h,28088.116900205612,7.8h,24328.739995002747,6.8h,66.9%
1339,1339,0.0006170814908085831,0.0038108547069132326,1.0,,,28009.319414138794,7.8h,24262.611100912094,6.7h,28105.845633029938,7.8h,24346.46873307228,6.8h,67.0%
1340,1340,0.0006153890776406254,0.004902956665493548,0.999,4.9910432067871096,0.1362,28082.053829193115,7.8h,24280.28702521324,6.7h,28178.71958756447,7.8h,24364.216591835022,6.8h,67.0%
1341,1341,0.0006136982303120344,0.0028730605766177177,1.0,,,28099.7288274765,7.8h,24297.962094068527,6.7h,28196.46831059456,7.8h,24381.965319395065,6.8h,67.0%
1342,1342,0.0006120089529948071,0.003080780392512679,1.0,,,28117.39716219902,7.8h,24315.630509853363,6.8h,28214.217505931854,7.8h,24399.714517593384,6.8h,67.1%
1343,1343,0.0006103212498570675,0.0073168102893978355,0.998,,,28135.067142248154,7.8h,24333.30057120323,6.8h,28231.962636232376,7.8h,24417.45965242386,6.8h,67.2%
1344,1344,0.0006086351250630553,0.007076579235494137,0.999,,,28152.74001145363,7.8h,24350.97351193428,6.8h,28249.703359127045,7.8h,24435.20037841797,6.8h,67.2%
1345,1345,0.0006069505827731153,0.008109520062804222,0.999,,,28170.411216020584,7.8h,24368.64478802681,6.8h,28267.424658298492,7.9h,24452.92168045044,6.8h,67.2%
1346,1346,0.0006052676271436892,0.006400177387520671,1.0,,,28188.087277650833,7.8h,24386.32092666626,6.8h,28285.168237924576,7.9h,24470.66526556015,6.8h,67.3%
1347,1347,0.0006035862623273021,0.004381889946758747,1.0,,,28205.75189971924,7.8h,24403.985609292984,6.8h,28302.902215480804,7.9h,24488.399245738983,6.8h,67.3%
1348,1348,0.0006019064924725542,0.003229675754904747,1.0,,,28223.422873735428,7.8h,24421.656653165817,6.8h,28320.625138521194,7.9h,24506.122172117233,6.8h,67.4%
1349,1349,0.0006002283217241119,0.004346248611807823,1.0,,,28241.09989452362,7.8h,24439.333751678467,6.8h,28338.37956094742,7.9h,24523.876597881317,6.8h,67.5%
1350,1350,0.000598551754222693,0.007483282122761011,0.999,,,28258.778975248337,7.8h,24457.012963056564,6.8h,28356.101523399353,7.9h,24541.598566293716,6.8h,67.5%
1351,1351,0.0005968767941050625,0.007474930327385664,0.999,,,28276.45463204384,7.9h,24474.68871331215,6.8h,28373.835349798203,7.9h,24559.332397699356,6.8h,67.5%
1352,1352,0.0005952034455040175,0.004396507408469915,1.0,,,28294.127703905106,7.9h,24492.3618516922,6.8h,28391.57620549202,7.9h,24577.073256492615,6.8h,67.6%
1353,1353,0.0005935317125483787,0.006925523295998573,0.999,,,28311.805912971497,7.9h,24510.040161132812,6.8h,28409.324345111847,7.9h,24594.82140302658,6.8h,67.7%
1354,1354,0.0005918615993629826,0.01055654563754797,0.998,,,28329.479349136353,7.9h,24527.71367573738,6.8h,28427.054491996765,7.9h,24612.551552534103,6.8h,67.7%
1355,1355,0.0005901931100686655,0.006144535951316357,1.0,,,28347.153760910034,7.9h,24545.38818502426,6.8h,28444.80148601532,7.9h,24630.29855132103,6.8h,67.8%
1356,1356,0.0005885262487822603,0.008485418505966664,0.999,,,28364.83248925209,7.9h,24563.06699371338,6.8h,28462.553378582,7.9h,24648.050446271896,6.8h,67.8%
1357,1357,0.0005868610196165812,0.00620365627668798,1.0,,,28382.50691509247,7.9h,24580.741487026215,6.8h,28480.279106140137,7.9h,24665.77617764473,6.9h,67.8%
1358,1358,0.0005851974266804148,0.0038885087184607984,1.0,,,28400.18156194687,7.9h,24598.416223049164,6.8h,28498.030886650085,7.9h,24683.52796149254,6.9h,67.9%
1359,1359,0.0005835354740785127,0.006514148334041238,0.999,,,28417.86061525345,7.9h,24616.095378160477,6.8h,28515.77734518051,7.9h,24701.274423360825,6.9h,68.0%
1360,1360,0.0005818751659115768,0.0036038209423422812,1.0,5.014165845489502,0.1333,28490.625179052353,7.9h,24633.771930933,6.8h,28588.695790052414,7.9h,24719.021023511887,6.9h,68.0%
1361,1361,0.000580216506276253,0.003292874313890934,1.0,,,28508.30716729164,7.9h,24651.454016685486,6.8h,28606.44374346733,7.9h,24736.768984556198,6.9h,68.0%
1362,1362,0.000578559499265118,0.004538543752394617,0.999,,,28525.979034662247,7.9h,24669.125974178314,6.9h,28624.186175346375,8.0h,24754.511421442032,6.9h,68.1%
1363,1363,0.0005769041489666737,0.002849598042666912,1.0,,,28543.658378839493,7.9h,24686.805408000946,6.9h,28641.943343639374,8.0h,24772.26859664917,6.9h,68.2%
1364,1364,0.0005752504594653304,0.006222429450601339,0.999,,,28561.33611059189,7.9h,24704.483231544495,6.9h,28659.671548366547,8.0h,24789.99680709839,6.9h,68.2%
1365,1365,0.0005735984348414038,0.002800363700836897,1.0,,,28579.019608020782,7.9h,24722.166840076447,6.9h,28677.41933488846,8.0h,24807.74460053444,6.9h,68.2%
1366,1366,0.0005719480791711003,0.00524190984480083,0.999,,,28596.701855182648,7.9h,24739.84919333458,6.9h,28695.174597024918,8.0h,24825.499866962433,6.9h,68.3%
1367,1367,0.0005702993965265077,0.0029549341201782226,1.0,,,28614.37694787979,7.9h,24757.52438402176,6.9h,28712.92672920227,8.0h,24843.2520070076,6.9h,68.3%
1368,1368,0.0005686523909755883,0.0024218257907778025,1.0,,,28632.05428290367,8.0h,24775.20180249214,6.9h,28730.64446425438,8.0h,24860.96974849701,6.9h,68.4%
1369,1369,0.0005670070665821623,0.0027926629073917867,1.0,,,28649.727630615234,8.0h,24792.87523174286,6.9h,28748.386259555817,8.0h,24878.711548805237,6.9h,68.5%
1370,1370,0.0005653634274059052,0.0025963527299463747,1.0,,,28667.396723508835,8.0h,24810.544397592545,6.9h,28766.106800556183,8.0h,24896.43209338188,6.9h,68.5%
1371,1371,0.0005637214775023341,0.0064788229018449784,0.999,,,28685.074600934982,8.0h,24828.222361564636,6.9h,28783.85918855667,8.0h,24914.184485197067,6.9h,68.5%
1372,1372,0.0005620812209227955,0.005774752292782068,0.999,,,28702.756810426712,8.0h,24845.904669761658,6.9h,28801.622882843018,8.0h,24931.94818496704,6.9h,68.6%
1373,1373,0.0005604426617144609,0.007035599755123257,0.999,,,28720.435841798782,8.0h,24863.583772420883,6.9h,28819.35460114479,8.0h,24949.679906129837,6.9h,68.7%
1374,1374,0.0005588058039203114,0.00729919682815671,0.999,,,28738.111253499985,8.0h,24881.259251594543,6.9h,28837.081085920334,8.0h,24967.406395196915,6.9h,68.7%
1375,1375,0.0005571706515791312,0.0054104928709566595,0.999,,,28755.788147211075,8.0h,24898.93624520302,6.9h,28854.83170390129,8.0h,24985.15702176094,6.9h,68.8%
1376,1376,0.0005555372087254961,0.004641506537795067,1.0,,,28773.465574741364,8.0h,24916.613742113113,6.9h,28872.58044552803,8.0h,25002.905765771866,6.9h,68.8%
1377,1377,0.0005539054793897635,0.006109858300536871,0.999,,,28791.144423484802,8.0h,24934.2927069664,6.9h,28890.33761405945,8.0h,25020.662938833237,7.0h,68.8%
1378,1378,0.0005522754675980642,0.006374389331787825,1.0,,,28808.829965353012,8.0h,24951.97834777832,6.9h,28908.098413467407,8.0h,25038.42374563217,7.0h,68.9%
1379,1379,0.00055064717737229,0.003789034474641085,1.0,,,28826.50702905655,8.0h,24969.655525922775,6.9h,28925.84201812744,8.0h,25056.167357444763,7.0h,69.0%
1380,1380,0.000549020612730085,0.003549385152757168,1.0,4.966571339416504,0.1351,28899.26353240013,8.0h,24987.33636713028,6.9h,28998.774152994156,8.1h,25073.92260503769,7.0h,69.0%
1381,1381,0.0005473957776848351,0.005898732651025057,0.999,,,28916.950049638748,8.0h,25005.0229742527,6.9h,29016.50679588318,8.1h,25091.655256032944,7.0h,69.0%
1382,1382,0.0005457726762456607,0.003635078342631459,1.0,,,28934.627718925476,8.0h,25022.70075559616,7.0h,29034.254305124283,8.1h,25109.402773857117,7.0h,69.1%
1383,1383,0.0005441513124174024,0.010670811403542757,0.998,,,28952.302324056625,8.0h,25040.37544131279,7.0h,29052.000173807144,8.1h,25127.14864873886,7.0h,69.2%
1384,1384,0.0005425316902006137,0.0036131655909121038,1.0,,,28969.988113880157,8.0h,25058.06131696701,7.0h,29069.758507490158,8.1h,25144.906988620758,7.0h,69.2%
1385,1385,0.0005409138135915531,0.0035347830541431905,1.0,,,28987.6618642807,8.1h,25075.735156297684,7.0h,29087.502536058426,8.1h,25162.65102314949,7.0h,69.2%
1386,1386,0.0005392976865821685,0.012045219231396913,0.997,,,29005.33164048195,8.1h,25093.405015707016,7.0h,29105.22391796112,8.1h,25180.372410058975,7.0h,69.3%
1387,1387,0.0005376833131600944,0.004325380068272352,1.0,,,29023.01196217537,8.1h,25111.085431098938,7.0h,29122.973338842392,8.1h,25198.1218354702,7.0h,69.3%
1388,1388,0.0005360706973086347,0.003561268659308553,1.0,,,29040.687774658203,8.1h,25128.761345148087,7.0h,29140.730823516846,8.1h,25215.879325151443,7.0h,69.4%
1389,1389,0.0005344598430067598,0.007222045369446277,0.999,,,29058.36625480652,8.1h,25146.43991136551,7.0h,29158.481160640717,8.1h,25233.629667282104,7.0h,69.5%
1390,1390,0.0005328507542290934,0.006410466907545924,0.999,,,29076.0413749218,8.1h,25164.11512351036,7.0h,29176.20037317276,8.1h,25251.34888625145,7.0h,69.5%
1391,1391,0.0005312434349459004,0.003966756356880069,1.0,,,29093.716377019882,8.1h,25181.790222883224,7.0h,29193.921872138977,8.1h,25269.070388793945,7.0h,69.5%
1392,1392,0.0005296378891230826,0.0028519630320370196,1.0,,,29111.39237689972,8.1h,25199.466309785843,7.0h,29211.671715974808,8.1h,25286.820238113403,7.0h,69.6%
1393,1393,0.0005280341207221644,0.0026258773617446425,1.0,,,29129.066326856613,8.1h,25217.140352725983,7.0h,29229.423817634583,8.1h,25304.572346687317,7.0h,69.7%
1394,1394,0.0005264321337002842,0.0043458368070423605,0.999,,,29146.741094827652,8.1h,25234.815190792084,7.0h,29247.164514303207,8.1h,25322.313046455383,7.0h,69.7%
1395,1395,0.0005248319320101868,0.0029736492186784743,1.0,,,29164.409539222717,8.1h,25252.483720541,7.0h,29264.872611761093,8.1h,25340.021149158478,7.0h,69.8%
1396,1396,0.0005232335196002103,0.003929698564112186,1.0,,,29182.08136153221,8.1h,25270.15561556816,7.0h,29282.6145465374,8.1h,25357.763087034225,7.0h,69.8%
1397,1397,0.0005216369004142786,0.004401644129306078,1.0,,,29199.75763607025,8.1h,25287.831989765167,7.0h,29300.362057209015,8.1h,25375.51060318947,7.0h,69.8%
1398,1398,0.0005200420783918907,0.006005411390215158,0.999,,,29217.444154024124,8.1h,25305.518647432327,7.0h,29318.120550870895,8.1h,25393.26910495758,7.1h,69.9%
1399,1399,0.0005184490574681114,0.004379137944430113,1.0,,,29235.117645978928,8.1h,25323.192206144333,7.0h,29335.84465622902,8.1h,25410.993213176727,7.1h,70.0%
1400,1400,0.0005168578415735609,0.0025397910978645086,1.0,4.974435852050782,0.1351,29307.870869636536,8.1h,25340.874758720398,7.0h,29408.764366865158,8.2h,25428.7448887825,7.1h,70.0%
1401,1401,0.0005152684346344074,0.0023507449384778736,1.0,,,29325.555022001266,8.1h,25358.55903673172,7.0h,29426.516404867172,8.2h,25446.496933221817,7.1h,70.0%
1402,1402,0.0005136808405723539,0.006115684974938631,0.999,,,29343.236073970795,8.2h,25376.24019241333,7.0h,29444.268334150314,8.2h,25464.248868465424,7.1h,70.1%
1403,1403,0.0005120950633046303,0.0029116443525999784,1.0,,,29360.910309553146,8.2h,25393.914505958557,7.1h,29461.98425078392,8.2h,25481.96479344368,7.1h,70.2%
1404,1404,0.0005105111067439861,0.0036253549288958313,1.0,,,29378.586619853973,8.2h,25411.590896129608,7.1h,29479.708853960037,8.2h,25499.689401626587,7.1h,70.2%
1405,1405,0.0005089289747986746,0.005532454347237945,0.999,,,29396.264761686325,8.2h,25429.26912498474,7.1h,29497.45329093933,8.2h,25517.433842420578,7.1h,70.2%
1406,1406,0.0005073486713724501,0.00266908205114305,1.0,,,29413.94028687477,8.2h,25446.94473338127,7.1h,29515.199517965317,8.2h,25535.18007326126,7.1h,70.3%
1407,1407,0.0005057702003645551,0.009120638404041528,0.999,,,29431.617897748947,8.2h,25464.62243938446,7.1h,29532.919944524765,8.2h,25552.900505304337,7.1h,70.3%
1408,1408,0.0005041935656697081,0.003227511513978243,1.0,,,29449.297477960587,8.2h,25482.302110910416,7.1h,29550.66790175438,8.2h,25570.64846611023,7.1h,70.4%
1409,1409,0.0005026187711781005,0.00736785820685327,0.999,,,29466.97226190567,8.2h,25499.976984739304,7.1h,29568.414000749588,8.2h,25588.394573926926,7.1h,70.5%
1410,1410,0.0005010458207753789,0.006149745043367147,0.999,,,29484.647644519806,8.2h,25517.652438879013,7.1h,29586.1398999691,8.2h,25606.120475530624,7.1h,70.5%
1411,1411,0.0004994747183426437,0.006218144429847598,0.999,,,29502.32931780815,8.2h,25535.33422088623,7.1h,29603.88674235344,8.2h,25623.86732339859,7.1h,70.5%
1412,1412,0.0004979054677564334,0.002716211009770632,1.0,,,29520.004297971725,8.2h,25553.00928068161,7.1h,29621.632873296738,8.2h,25641.613461971283,7.1h,70.6%
1413,1413,0.0004963380728887176,0.0045755310440436,1.0,,,29537.68649148941,8.2h,25570.691577911377,7.1h,29639.395485401154,8.2h,25659.376078367233,7.1h,70.7%
1414,1414,0.0004947725376068879,0.0026576578710228206,1.0,,,29555.369381904602,8.2h,25588.37456202507,7.1h,29657.153819084167,8.2h,25677.13441681862,7.1h,70.7%
1415,1415,0.0004932088657737468,0.0042625603210180996,1.0,,,29573.046004533768,8.2h,25606.051255226135,7.1h,29674.874369621277,8.2h,25694.854969978333,7.1h,70.8%
1416,1416,0.000491647061247499,0.0025058074053376914,1.0,,,29590.722625017166,8.2h,25623.7279753685,7.1h,29692.59437894821,8.2h,25712.574984788895,7.1h,70.8%
1417,1417,0.0004900871278817416,0.0067267769612371926,0.999,,,29608.390795707703,8.2h,25641.396230459213,7.1h,29710.321276187897,8.3h,25730.301886320114,7.1h,70.9%
1418,1418,0.0004885290695254558,0.01283502209931612,0.996,,,29626.061700582504,8.2h,25659.067220926285,7.1h,29728.042766332626,8.3h,25748.02338409424,7.2h,70.9%
1419,1419,0.00048697289002299537,0.004184431521221995,1.0,,,29643.734570741653,8.2h,25676.74016237259,7.1h,29745.793919801712,8.3h,25765.77453994751,7.2h,71.0%
1420,1420,0.00048541859321407806,0.0053185574114322665,1.0,4.949541416168213,0.1344,29716.503892183304,8.3h,25694.420308113098,7.1h,29818.738498687744,8.3h,25783.533849954605,7.2h,71.0%
1421,1421,0.0004838661829337781,0.003331080639734864,1.0,,,29734.174641132355,8.3h,25712.091134548187,7.1h,29836.472778320312,8.3h,25801.268139839172,7.2h,71.0%
1422,1422,0.0004823156630125118,0.01048444850742817,0.998,,,29751.848430871964,8.3h,25729.765000104904,7.1h,29854.21776866913,8.3h,25819.013137817383,7.2h,71.1%
1423,1423,0.00048076703727603464,0.0034037119466811417,1.0,,,29769.520706653595,8.3h,25747.437352657318,7.2h,29871.94452214241,8.3h,25836.739899873734,7.2h,71.2%
1424,1424,0.0004792203095454248,0.00994926244392991,0.998,,,29787.19619369507,8.3h,25765.11292219162,7.2h,29889.681527853012,8.3h,25854.476912736893,7.2h,71.2%
1425,1425,0.00047767548363708036,0.003187474016100168,1.0,,,29804.870629310608,8.3h,25782.787443876266,7.2h,29907.425946474075,8.3h,25872.221336364746,7.2h,71.2%
1426,1426,0.00047613256336270635,0.0033378241192549467,1.0,,,29822.542939901352,8.3h,25800.459834098816,7.2h,29925.14238834381,8.3h,25889.937782526016,7.2h,71.3%
1427,1427,0.00047459155252930357,0.002636097688227892,1.0,,,29840.223953962326,8.3h,25818.140945911407,7.2h,29942.8752348423,8.3h,25907.670635938644,7.2h,71.4%
1428,1428,0.00047305245493916415,0.0021766253001987935,1.0,,,29857.901542186737,8.3h,25835.81860780716,7.2h,29960.624230861664,8.3h,25925.41963481903,7.2h,71.4%
1429,1429,0.0004715152743898582,0.0021887028366327286,1.0,,,29875.574031829834,8.3h,25853.491186380386,7.2h,29978.365152835846,8.3h,25943.16056203842,7.2h,71.5%
1430,1430,0.0004699800146742253,0.004769463004544378,0.999,,,29893.254960775375,8.3h,25871.1722304821,7.2h,29996.12561440468,8.3h,25960.921029806137,7.2h,71.5%
1431,1431,0.00046844667958036715,0.0037571848835796116,1.0,,,29910.930234193802,8.3h,25888.847601890564,7.2h,30013.87159538269,8.3h,25978.667015075684,7.2h,71.5%
1432,1432,0.0004669152728916351,0.004396248234435916,1.0,,,29928.598900318146,8.3h,25906.51634502411,7.2h,30031.609265565872,8.3h,25996.40468978882,7.2h,71.6%
1433,1433,0.0004653857983866232,0.003054147567600012,1.0,,,29946.277745723724,8.3h,25924.19528412819,7.2h,30049.35865497589,8.3h,26014.154086351395,7.2h,71.7%
1434,1434,0.0004638582598391575,0.0061538247019052505,0.999,,,29963.950088500977,8.3h,25941.867707252502,7.2h,30067.10027360916,8.4h,26031.8957092762,7.2h,71.7%
1435,1435,0.00046233266101828756,0.008388587268069387,0.998,,,29981.632647514343,8.3h,25959.550364255905,7.2h,30084.85920858383,8.4h,26049.65465092659,7.2h,71.8%
1436,1436,0.0004608090056882765,0.005157988728024065,0.999,,,29999.308346509933,8.3h,25977.22615456581,7.2h,30102.589704990387,8.4h,26067.38515520096,7.2h,71.8%
1437,1437,0.00045928729760859316,0.0051362046580761675,0.999,,,30016.986359119415,8.3h,25994.904254436493,7.2h,30120.340030431747,8.4h,26085.13548541069,7.2h,71.9%
1438,1438,0.0004577675405339005,0.004781306708231568,1.0,,,30034.667818307877,8.3h,26012.585815906525,7.2h,30138.084545135498,8.4h,26102.880007267,7.3h,71.9%
1439,1439,0.00045624973821404766,0.005671054450795054,1.0,,,30052.34844517708,8.3h,26030.26654291153,7.2h,30155.84622478485,8.4h,26120.641694307327,7.3h,72.0%
1440,1440,0.00045473389439406226,0.005694641970098019,0.999,4.964465759277344,0.1371,30125.10626554489,8.4h,26047.94150853157,7.2h,30228.786435842514,8.4h,26138.385293483734,7.3h,72.0%
1441,1441,0.0004532200128141364,0.002740457685664296,1.0,,,30142.785703659058,8.4h,26065.621037721634,7.2h,30246.509214401245,8.4h,26156.10808110237,7.3h,72.0%
1442,1442,0.0004517080972096235,0.0024662442207336426,1.0,,,30160.46408390999,8.4h,26083.299498796463,7.2h,30264.227074861526,8.4h,26173.825948238373,7.3h,72.1%
1443,1443,0.00045019815131102574,0.0027292540576308966,1.0,,,30178.143270254135,8.4h,26100.978773355484,7.3h,30281.9784116745,8.4h,26191.57729125023,7.3h,72.2%
1444,1444,0.00044869017884398266,0.004973883694037795,0.999,,,30195.82189297676,8.4h,26118.657479047775,7.3h,30299.7089035511,8.4h,26209.30778980255,7.3h,72.2%
1445,1445,0.00044718418352926844,0.0042219649758189915,0.999,,,30213.491953134537,8.4h,26136.327607870102,7.3h,30317.444014787674,8.4h,26227.04290676117,7.3h,72.2%
1446,1446,0.0004456801690827749,0.0034783288249745966,1.0,,,30231.17032289505,8.4h,26154.006068468094,7.3h,30335.1829829216,8.4h,26244.78187942505,7.3h,72.3%
1447,1447,0.00044417813921550955,0.0023487390652298925,1.0,,,30248.848282575607,8.4h,26171.684130191803,7.3h,30352.93396472931,8.4h,26262.5328643322,7.3h,72.4%
1448,1448,0.0004426780976335813,0.0022837062571197746,1.0,,,30266.531237125397,8.4h,26189.367178440094,7.3h,30370.660811901093,8.4h,26280.25971698761,7.3h,72.4%
1449,1449,0.00044118004803819305,0.005580951634794474,0.999,,,30284.205990076065,8.4h,26207.04200220108,7.3h,30388.406804800034,8.4h,26298.00571513176,7.3h,72.5%
1450,1450,0.00043968399412563447,0.0024070607423782348,1.0,,,30301.883046150208,8.4h,26224.719153642654,7.3h,30406.15628361702,8.4h,26315.75519967079,7.3h,72.5%
1451,1451,0.00043818993958726917,0.0021878743562847376,1.0,,,30319.558460474014,8.4h,26242.394649267197,7.3h,30423.90597987175,8.5h,26333.504899263382,7.3h,72.5%
1452,1452,0.0004366978881095282,0.005525031773373485,0.999,,,30337.24301147461,8.4h,26260.079282045364,7.3h,30441.634347438812,8.5h,26351.23327064514,7.3h,72.6%
1453,1453,0.00043520784337389997,0.003255812575109303,1.0,,,30354.92267537117,8.4h,26277.759037733078,7.3h,30459.385518074036,8.5h,26368.98444533348,7.3h,72.7%
1454,1454,0.00043371980905692264,0.002166532123461366,1.0,,,30372.598306894302,8.4h,26295.434737205505,7.3h,30477.12084889412,8.5h,26386.71977877617,7.3h,72.7%
1455,1455,0.00043223378883017237,0.009467553606256843,0.998,,,30390.284749507904,8.4h,26313.121287345886,7.3h,30494.86364674568,8.5h,26404.462582349777,7.3h,72.8%
1456,1456,0.0004307497863602564,0.0023971880450844763,1.0,,,30407.95865702629,8.4h,26330.79526591301,7.3h,30512.593941688538,8.5h,26422.192880153656,7.3h,72.8%
1457,1457,0.0004292678053088033,0.002720556331798434,1.0,,,30425.63460302353,8.5h,26348.471297979355,7.3h,30530.309992074966,8.5h,26439.908934116364,7.3h,72.9%
1458,1458,0.0004277878493324536,0.002096532939001918,1.0,,,30443.311232805252,8.5h,26366.148004055023,7.3h,30548.06107544899,8.5h,26457.66002202034,7.3h,72.9%
1459,1459,0.0004263099220828529,0.005293820686638355,0.999,,,30460.990321159363,8.5h,26383.827179193497,7.3h,30565.802780151367,8.5h,26475.40173149109,7.4h,73.0%
1460,1460,0.000424834027206638,0.003006628088653088,1.0,4.980555561828614,0.1359,30533.744401931763,8.5h,26401.50903081894,7.3h,30638.707999944687,8.5h,26493.13258075714,7.4h,73.0%
1461,1461,0.0004233601683454336,0.0024035275466740133,1.0,,,30551.418701410294,8.5h,26419.18340611458,7.3h,30656.436154842377,8.5h,26510.860740184784,7.4h,73.0%
1462,1462,0.0004218883491358408,0.0019120478518307208,1.0,,,30569.092658519745,8.5h,26436.857435941696,7.3h,30674.161344766617,8.5h,26528.58593249321,7.4h,73.1%
1463,1463,0.00042041857320942544,0.0021295073321089147,1.0,,,30586.766335964203,8.5h,26454.53118634224,7.3h,30691.906644821167,8.5h,26546.3312356472,7.4h,73.2%
1464,1464,0.00041895084419271494,0.0016771067017689347,1.0,,,30604.443563222885,8.5h,26472.208513259888,7.4h,30709.654052495956,8.5h,26564.07864713669,7.4h,73.2%
1465,1465,0.0004174851657071842,0.008000606544315815,0.998,,,30622.118177175522,8.5h,26489.883197784424,7.4h,30727.403927326202,8.5h,26581.82852435112,7.4h,73.2%
1466,1466,0.00041602154136924883,0.003401404045522213,1.0,,,30639.790436029434,8.5h,26507.55555987358,7.4h,30745.139385461807,8.5h,26599.56398677826,7.4h,73.3%
1467,1467,0.0004145599747902576,0.0021047447379678487,1.0,,,30657.467632055283,8.5h,26525.232842445374,7.4h,30762.85976290703,8.5h,26617.284370422363,7.4h,73.4%
1468,1468,0.0004131004695764791,0.0022207528054714203,1.0,,,30675.147416353226,8.5h,26542.91271877289,7.4h,30780.6099588871,8.6h,26635.03456926346,7.4h,73.4%
1469,1469,0.00041164302932909867,0.003766626404598355,1.0,,,30692.825224399567,8.5h,26560.590595960617,7.4h,30798.334520339966,8.6h,26652.759133577347,7.4h,73.5%
1470,1470,0.0004101876576442048,0.003882460465654731,0.999,,,30710.503722906113,8.5h,26578.269181251526,7.4h,30816.065903902054,8.6h,26670.49052143097,7.4h,73.5%
1471,1471,0.00040873435811278233,0.0023582866732031107,1.0,,,30728.179636240005,8.5h,26595.945174217224,7.4h,30833.811636447906,8.6h,26688.236260652542,7.4h,73.6%
1472,1472,0.0004072831343207029,0.002022476674988866,1.0,,,30745.85617685318,8.5h,26613.621787786484,7.4h,30851.552746534348,8.6h,26705.97737312317,7.4h,73.6%
1473,1473,0.0004058339898487181,0.0019191261939704419,1.0,,,30763.530728578568,8.5h,26631.296429634094,7.4h,30869.295113563538,8.6h,26723.71974515915,7.4h,73.7%
1474,1474,0.0004043869282724474,0.0015791949387639762,1.0,,,30781.208524227142,8.6h,26648.974301338196,7.4h,30887.042422294617,8.6h,26741.467058181763,7.4h,73.7%
1475,1475,0.0004029419531623707,0.0018481352515518665,1.0,,,30798.889341831207,8.6h,26666.65523791313,7.4h,30904.79580926895,8.6h,26759.220451116562,7.4h,73.8%
1476,1476,0.0004014990680838218,0.0015298654530197383,1.0,,,30816.567341327667,8.6h,26684.333329200745,7.4h,30922.544460058212,8.6h,26776.969106912613,7.4h,73.8%
1477,1477,0.0004000582765969747,0.009479271343909204,0.998,,,30834.250582695007,8.6h,26702.016677856445,7.4h,30940.26926589012,8.6h,26794.693918704987,7.4h,73.9%
1478,1478,0.00039861958225684074,0.002522554933093488,1.0,,,30851.924042463303,8.6h,26719.690248012543,7.4h,30958.0137219429,8.6h,26812.438378810883,7.4h,73.9%
1479,1479,0.0003971829886132533,0.003153739295899868,1.0,,,30869.602089881897,8.6h,26737.36840391159,7.4h,30975.769055843353,8.6h,26830.193716287613,7.5h,74.0%
1480,1480,0.00039574849921086564,0.01030721928924322,0.998,5.00632406616211,0.1361,30942.35629415512,8.6h,26755.04811835289,7.4h,31048.695285081863,8.6h,26847.93146777153,7.5h,74.0%
1481,1481,0.00039431611758913827,0.0032311881948262453,1.0,,,30960.034821748734,8.6h,26772.726741552353,7.4h,31066.446058273315,8.6h,26865.682247161865,7.5h,74.1%
1482,1482,0.0003928858472823289,0.0027067229356616735,1.0,,,30977.70999956131,8.6h,26790.40198493004,7.4h,31084.194677829742,8.6h,26883.430869579315,7.5h,74.1%
1483,1483,0.0003914576918194886,0.007693780364468694,0.999,,,30995.382096529007,8.6h,26808.074157714844,7.4h,31101.941650867462,8.6h,26901.17784690857,7.5h,74.2%
1484,1484,0.0003900316547244486,0.005553707607090473,0.999,,,31013.06085205078,8.6h,26825.752995729446,7.5h,31119.694021463394,8.6h,26918.9302277565,7.5h,74.2%
1485,1485,0.0003886077395158131,0.0033871807046234608,1.0,,,31030.737397432327,8.6h,26843.429619550705,7.5h,31137.44486927986,8.6h,26936.681083917618,7.5h,74.2%
1486,1486,0.0003871859497069523,0.0027715415451675654,1.0,,,31048.41967844963,8.6h,26861.111973285675,7.5h,31155.182723522186,8.7h,26954.418941497803,7.5h,74.3%
1487,1487,0.00038576628880599085,0.0055260556694120165,0.999,,,31066.095881462097,8.6h,26878.788259983063,7.5h,31172.93370437622,8.7h,26972.169931173325,7.5h,74.4%
1488,1488,0.0003843487603158008,0.0065360403209924695,0.999,,,31083.769103050232,8.6h,26896.46154689789,7.5h,31190.669965028763,8.7h,26989.90619492531,7.5h,74.4%
1489,1489,0.00038293336773399274,0.005670119162648916,0.999,,,31101.449430704117,8.6h,26914.141963005066,7.5h,31208.424551963806,8.7h,27007.660786151886,7.5h,74.5%
1490,1490,0.000381520114552907,0.008767734818160533,0.998,,,31119.130089998245,8.6h,26931.822710990906,7.5h,31226.17837023735,8.7h,27025.414608955383,7.5h,74.5%
1491,1491,0.0003801090042596059,0.005170858033001423,0.999,,,31136.811409950256,8.6h,26949.504140615463,7.5h,31243.93409538269,8.7h,27043.170340061188,7.5h,74.6%
1492,1492,0.00037870004033586344,0.00575319261662662,0.999,,,31154.496767520905,8.7h,26967.189591407776,7.5h,31261.69520354271,8.7h,27060.931452035904,7.5h,74.6%
1493,1493,0.00037729322625815816,0.005649729350581765,0.999,,,31172.176204919815,8.7h,26984.86911725998,7.5h,31279.447268486023,8.7h,27078.68352174759,7.5h,74.7%
1494,1494,0.00037588856549766335,0.002477030735462904,1.0,,,31189.85555744171,8.7h,27002.54856967926,7.5h,31297.182745933533,8.7h,27096.419006586075,7.5h,74.7%
1495,1495,0.0003744860615202411,0.001940438175573945,1.0,,,31207.539385080338,8.7h,27020.232504844666,7.5h,31314.946180820465,8.7h,27114.182446956635,7.5h,74.8%
1496,1496,0.00037308571778642914,0.004467860258184374,1.0,,,31225.222523212433,8.7h,27037.91574907303,7.5h,31332.704127550125,8.7h,27131.94040298462,7.5h,74.8%
1497,1497,0.000371687537751437,0.002360820209607482,1.0,,,31242.901894807816,8.7h,27055.595242261887,7.5h,31350.44149684906,8.7h,27149.677778482437,7.5h,74.9%
1498,1498,0.00037029152486513575,0.003680834162980318,0.999,,,31260.58171582222,8.7h,27073.27515411377,7.5h,31368.16176533699,8.7h,27167.398051977158,7.5h,74.9%
1499,1499,0.00036889768257204693,0.0019424677826464175,1.0,,,31278.258212566376,8.7h,27090.951714992523,7.5h,31385.89594578743,8.7h,27185.13223719597,7.6h,75.0%
1500,1500,0.0003675060143113393,0.00189101723395288,1.0,4.980365720367431,0.1367,31350.991321325302,8.7h,27108.62838125229,7.5h,31458.810138702393,8.7h,27202.885370254517,7.6h,75.0%
1501,1501,0.0003661165235168144,0.0016834672829136252,1.0,,,31368.670830011368,8.7h,27126.307979106903,7.5h,31476.56247830391,8.7h,27220.637721538544,7.6h,75.0%
1502,1502,0.00036472921361690346,0.003809051552787423,1.0,,,31386.34762454033,8.7h,27143.98486685753,7.5h,31494.281397342682,8.7h,27238.356645584106,7.6h,75.1%
1503,1503,0.00036334408803465664,0.01044522800669074,0.998,,,31404.02000617981,8.7h,27161.657336235046,7.5h,31512.00775718689,8.8h,27256.083012104034,7.6h,75.1%
1504,1504,0.00036196115018773193,0.0022967410990968346,1.0,,,31421.690507888794,8.7h,27179.327925682068,7.5h,31529.752718925476,8.8h,27273.827978372574,7.6h,75.2%
1505,1505,0.00036058040348839205,0.0022198360720649363,1.0,,,31439.363637685776,8.7h,27197.001158475876,7.6h,31547.49925303459,8.8h,27291.57451748848,7.6h,75.2%
1506,1506,0.00035920185134349203,0.002049210613593459,1.0,,,31457.03080844879,8.7h,27214.66840648651,7.6h,31565.205549955368,8.8h,27309.280820131302,7.6h,75.3%
1507,1507,0.00035782549715447225,0.0020448752641677856,1.0,,,31474.70037508011,8.7h,27232.338037252426,7.6h,31582.930145263672,8.8h,27327.00541806221,7.6h,75.3%
1508,1508,0.0003564513443173495,0.010358422679826618,0.997,,,31492.379985570908,8.7h,27250.01774430275,7.6h,31600.682683229446,8.8h,27344.757962703705,7.6h,75.4%
1509,1509,0.00035507939622270976,0.0046917020017281175,0.999,,,31510.050279140472,8.8h,27267.688105344772,7.6h,31618.40678668022,8.8h,27362.48206925392,7.6h,75.4%
1510,1510,0.0003537096562556985,0.006390068985521793,0.999,,,31527.728378534317,8.8h,27285.366299152374,7.6h,31636.13859272003,8.8h,27380.213880062103,7.6h,75.5%
1511,1511,0.0003523421277960129,0.0023811209611594676,1.0,,,31545.402510881424,8.8h,27303.04050707817,7.6h,31653.85674405098,8.8h,27397.93203854561,7.6h,75.5%
1512,1512,0.0003509768142178933,0.0020322938580065964,1.0,,,31563.073837041855,8.8h,27320.711909532547,7.6h,31671.60573220253,8.8h,27415.68102955818,7.6h,75.6%
1513,1513,0.0003496137188901151,0.0021924555208534,1.0,,,31580.746885061264,8.8h,27338.385043382645,7.6h,31689.349043130875,8.8h,27433.424344301224,7.6h,75.6%
1514,1514,0.00034825284517598146,0.004581043915823102,0.999,,,31598.421585559845,8.8h,27356.059859991074,7.6h,31707.101528167725,8.8h,27451.17683649063,7.6h,75.7%
1515,1515,0.00034689419643331155,0.003836786540225148,0.999,,,31616.104879379272,8.8h,27373.743290662766,7.6h,31724.840990781784,8.8h,27468.916305541992,7.6h,75.8%
1516,1516,0.000345537776014437,0.0018676963411271572,1.0,,,31633.78833436966,8.8h,27391.42683982849,7.6h,31742.59798026085,8.8h,27486.67329955101,7.6h,75.8%
1517,1517,0.0003441835872661907,0.003724530082195997,1.0,,,31651.461457252502,8.8h,27409.10004043579,7.6h,31760.34093928337,8.8h,27504.416263341904,7.6h,75.8%
1518,1518,0.00034283163352989774,0.0041938760075718165,0.999,,,31669.13930249214,8.8h,27426.778002500534,7.6h,31778.091325044632,8.8h,27522.166653633118,7.6h,75.9%
1519,1519,0.00034148191814137036,0.0068504306841641665,0.998,,,31686.81898355484,8.8h,27444.457765817642,7.6h,31795.811958551407,8.8h,27539.887295007706,7.6h,75.9%
1520,1520,0.0003401344444308969,0.0024144585160538554,1.0,4.960329542541504,0.1334,31759.57323527336,8.8h,27462.132547855377,7.6h,31868.711792469025,8.9h,27557.631767511368,7.7h,76.0%
1521,1521,0.00033878921572323424,0.0019550828076899053,1.0,,,31777.24906373024,8.8h,27479.80845308304,7.6h,31886.465087652206,8.9h,27575.385070323944,7.7h,76.0%
1522,1522,0.0003374462353376018,0.0017571938689798117,1.0,,,31794.927234888077,8.8h,27497.486695051193,7.6h,31904.194820165634,8.9h,27593.114805698395,7.7h,76.1%
1523,1523,0.0003361055065876687,0.0017561785420402885,1.0,,,31812.604701042175,8.8h,27515.164232969284,7.6h,31921.921599149704,8.9h,27610.84158730507,7.7h,76.1%
1524,1524,0.00033476703278155083,0.0018639321187511086,1.0,,,31830.282866477966,8.8h,27532.842505455017,7.6h,31939.670111894608,8.9h,27628.59010362625,7.7h,76.2%
1525,1525,0.000333430817221799,0.003959789994172752,0.999,,,31847.956184864044,8.8h,27550.515886306763,7.7h,31957.41061758995,8.9h,27646.33061146736,7.7h,76.2%
1526,1526,0.0003320968632053917,0.0016180213624611497,1.0,,,31865.63063645363,8.9h,27568.190425157547,7.7h,31975.1588203907,8.9h,27664.07882142067,7.7h,76.3%
1527,1527,0.00033076517402372887,0.004328284411691129,0.999,,,31883.3054087162,8.9h,27585.865273952484,7.7h,31992.87362074852,8.9h,27681.79362463951,7.7h,76.3%
1528,1528,0.00032943575296262074,0.007937041664496065,0.998,,,31900.987802505493,8.9h,27603.547781467438,7.7h,32010.602979898453,8.9h,27699.52298808098,7.7h,76.4%
1529,1529,0.0003281086033022815,0.00338192299567163,0.999,,,31918.662914276123,8.9h,27621.22298192978,7.7h,32028.352498054504,8.9h,27717.27251315117,7.7h,76.4%
1530,1530,0.0003267837283173208,0.0019942371528595686,1.0,,,31936.348705768585,8.9h,27638.908876657486,7.7h,32046.11149764061,8.9h,27735.031518936157,7.7h,76.5%
1531,1531,0.0003254611312767369,0.004814019557088613,0.999,,,31954.03368115425,8.9h,27656.59395647049,7.7h,32063.871585845947,8.9h,27752.791612625122,7.7h,76.5%
1532,1532,0.00032414081544390516,0.004594501657411456,1.0,,,31971.714535713196,8.9h,27674.274926900864,7.7h,32081.599076271057,8.9h,27770.519107341766,7.7h,76.6%
1533,1533,0.0003228227840765749,0.0076126549243927,0.998,,,31989.402906179428,8.9h,27691.963409900665,7.7h,32099.370656490326,8.9h,27788.2906935215,7.7h,76.6%
1534,1534,0.00032150704042685675,0.002420434977859259,1.0,,,32007.07598567009,8.9h,27709.63657617569,7.7h,32117.11465239525,8.9h,27806.03469824791,7.7h,76.7%
1535,1535,0.0003201935877412174,0.001680168081074953,1.0,,,32024.748297929764,8.9h,27727.308965682983,7.7h,32134.857520103455,8.9h,27823.777571201324,7.7h,76.8%
1536,1536,0.00031888242926047156,0.0035675324704498054,0.999,,,32042.417986631393,8.9h,27744.978751659393,7.7h,32152.580397367477,8.9h,27841.500457763672,7.7h,76.8%
1537,1537,0.0003175735682197711,0.0026214790120720863,1.0,,,32060.089288949966,8.9h,27762.65012574196,7.7h,32170.326986312866,8.9h,27859.247049331665,7.7h,76.8%
1538,1538,0.00031626700784860145,0.0018276658151298762,1.0,,,32077.770653009415,8.9h,27780.331612586975,7.7h,32188.063229084015,8.9h,27876.983296871185,7.7h,76.9%
1539,1539,0.00031496275137077095,0.0017023866269737483,1.0,,,32095.451578855515,8.9h,27798.01265311241,7.7h,32205.8148188591,8.9h,27894.734895467758,7.7h,77.0%
1540,1540,0.0003136608020044013,0.0043275366127491,0.999,4.975418542480469,0.138,32168.191257476807,8.9h,27815.689394712448,7.7h,32278.70827817917,9.0h,27912.478660821915,7.8h,77.0%
1541,1541,0.00031236116296192427,0.0019120777435600758,1.0,,,32185.867539405823,8.9h,27833.365766763687,7.7h,32296.453872203827,9.0h,27930.224261045456,7.8h,77.0%
1542,1542,0.0003110638374500699,0.003076701454818249,1.0,,,32203.543375730515,8.9h,27851.041684389114,7.7h,32314.17066168785,9.0h,27947.941056489944,7.8h,77.1%
1543,1543,0.0003097688286698597,0.0032811552761122585,1.0,,,32221.2172665596,9.0h,27868.715672969818,7.7h,32331.891078472137,9.0h,27965.6614818573,7.8h,77.1%
1544,1544,0.0003084761398165991,0.006132556447759271,0.999,,,32238.892159700394,9.0h,27886.390652894974,7.7h,32349.63725090027,9.0h,27983.40765929222,7.8h,77.2%
1545,1545,0.00030718577407986896,0.0020069139916449787,1.0,,,32256.567959070206,9.0h,27904.066536664963,7.8h,32367.364843845367,9.0h,28001.135257959366,7.8h,77.2%
1546,1546,0.0003058977346435194,0.0018375282660126687,1.0,,,32274.251774311066,9.0h,27921.750462770462,7.8h,32385.123224258423,9.0h,28018.89364361763,7.8h,77.3%
1547,1547,0.00030461202468565907,0.0021008085766807197,1.0,,,32291.92491555214,9.0h,27939.42369866371,7.8h,32402.86759185791,9.0h,28036.63801574707,7.8h,77.3%
1548,1548,0.00030332864737864956,0.001963198265992105,1.0,,,32309.59943819046,9.0h,27957.09831571579,7.8h,32420.58749651909,9.0h,28054.357927322388,7.8h,77.4%
1549,1549,0.00030204760588909644,0.001521623863838613,1.0,,,32327.281046152115,9.0h,27974.78000831604,7.8h,32438.314037799835,9.0h,28072.084473133087,7.8h,77.5%
1550,1550,0.00030076890337784327,0.007233628695830703,0.998,,,32344.954126119614,9.0h,27992.453176021576,7.8h,32456.057738542557,9.0h,28089.8281788826,7.8h,77.5%
1551,1551,0.0002994925429999601,0.0015899480748921633,1.0,,,32362.63095021248,9.0h,28010.130081892014,7.8h,32473.77678847313,9.0h,28107.54723405838,7.8h,77.5%
1552,1552,0.00029821852790474005,0.0016747698504477738,1.0,,,32380.30735015869,9.0h,28027.80655646324,7.8h,32491.528788089752,9.0h,28125.299239873886,7.8h,77.6%
1553,1553,0.00029694686123568924,0.0014789546299725771,1.0,,,32397.98805141449,9.0h,28045.487350940704,7.8h,32509.25162243843,9.0h,28143.022082090378,7.8h,77.6%
1554,1554,0.0002956775461305173,0.005332689955830574,0.999,,,32415.663927078247,9.0h,28063.16329884529,7.8h,32526.979634284973,9.0h,28160.750096321106,7.8h,77.7%
1555,1555,0.00029441058572113473,0.0016723159831017256,1.0,,,32433.337739944458,9.0h,28080.83722615242,7.8h,32544.72354745865,9.0h,28178.494014024734,7.8h,77.8%
1556,1556,0.00029314598313363887,0.0019189312746748328,1.0,,,32451.016532421112,9.0h,28098.51611995697,7.8h,32562.472249031067,9.0h,28196.24271941185,7.8h,77.8%
1557,1557,0.00029188374148831145,0.003469273729249835,1.0,,,32468.695979595184,9.0h,28116.195690631866,7.8h,32580.204236984253,9.1h,28213.974710702896,7.8h,77.8%
1558,1558,0.0002906238638996091,0.001798054656945169,1.0,,,32486.372674942017,9.0h,28133.872509002686,7.8h,32597.95253944397,9.1h,28231.723017454147,7.8h,77.9%
1559,1559,0.0002893663534761531,0.0016716981437057256,1.0,,,32504.048663377762,9.0h,28151.54861354828,7.8h,32615.70632958412,9.1h,28249.476812839508,7.8h,78.0%
1560,1560,0.00028811121332072655,0.0014579282999038696,1.0,4.970386404418945,0.1364,32576.804879188538,9.0h,28169.22940850258,7.8h,32688.613036632538,9.1h,28267.225620269775,7.9h,78.0%
1561,1561,0.00028685844653026244,0.0020532965613529086,1.0,,,32594.48886704445,9.1h,28186.913513183594,7.8h,32706.369196414948,9.1h,28284.981787204742,7.9h,78.0%
1562,1562,0.0002856080561958382,0.001325037189759314,1.0,,,32612.167862176895,9.1h,28204.592598199844,7.8h,32724.119386911392,9.1h,28302.731982946396,7.9h,78.1%
1563,1563,0.00028436004540266833,0.0029386769873090087,0.999,,,32629.847187042236,9.1h,28222.272002458572,7.8h,32741.86832356453,9.1h,28320.480924367905,7.9h,78.1%
1564,1564,0.00028311441723009493,0.004208394229412079,0.999,,,32647.51969385147,9.1h,28239.944576978683,7.8h,32759.591382741928,9.1h,28338.203986406326,7.9h,78.2%
1565,1565,0.00028187117475158175,0.0016935597360134124,1.0,,,32665.20580792427,9.1h,28257.63080716133,7.8h,32777.351278305054,9.1h,28355.963888168335,7.9h,78.2%
1566,1566,0.00028063032103470595,0.003746565228328109,1.0,,,32682.88381266594,9.1h,28275.30891108513,7.9h,32795.099628448486,9.1h,28373.712245941162,7.9h,78.3%
1567,1567,0.00027939185914115094,0.002554062293842435,1.0,,,32700.558095932007,9.1h,28292.983265399933,7.9h,32812.848205804825,9.1h,28391.460828065872,7.9h,78.3%
1568,1568,0.0002781557921266978,0.002624831491149962,1.0,,,32718.233699560165,9.1h,28310.65894985199,7.9h,32830.59397792816,9.1h,28409.206605196,7.9h,78.4%
1569,1569,0.00027692212304121977,0.0022301869988441466,1.0,,,32735.903450489044,9.1h,28328.32880139351,7.9h,32848.33001303673,9.1h,28426.942645311356,7.9h,78.5%
1570,1570,0.00027569085492867217,0.002778988476842642,1.0,,,32753.57720208168,9.1h,28346.002619743347,7.9h,32866.05396485329,9.1h,28444.666600465775,7.9h,78.5%
1571,1571,0.0002744619908270867,0.001612206732854247,1.0,,,32771.25052499771,9.1h,28363.676032066345,7.9h,32883.77904462814,9.1h,28462.39168524742,7.9h,78.5%
1572,1572,0.000273235533768564,0.004701227810233831,0.999,,,32788.929268836975,9.1h,28381.354878902435,7.9h,32901.52381157875,9.1h,28480.136458158493,7.9h,78.6%
1573,1573,0.0002720114867792638,0.001712972829118371,1.0,,,32806.60634326935,9.1h,28399.032029390335,7.9h,32919.242604255676,9.1h,28497.85525536537,7.9h,78.6%
1574,1574,0.00027078985287940107,0.0023893371494486926,1.0,,,32824.28321766853,9.1h,28416.709010362625,7.9h,32936.98219871521,9.1h,28515.59485411644,7.9h,78.7%
1575,1575,0.00026957063508323655,0.0014967624377459287,1.0,,,32841.96190714836,9.1h,28434.387783765793,7.9h,32954.70227241516,9.2h,28533.314932584763,7.9h,78.8%
1576,1576,0.0002683538363990676,0.004852125191129744,0.999,,,32859.633892059326,9.1h,28452.05984401703,7.9h,32972.444843292236,9.2h,28551.057507038116,7.9h,78.8%
1577,1577,0.0002671394598292257,0.0056541772726923225,0.999,,,32877.30583977699,9.1h,28469.73187661171,7.9h,32990.1693854332,9.2h,28568.782056093216,7.9h,78.8%
1578,1578,0.00026592750837006247,0.0016028788741677999,1.0,,,32894.980605363846,9.1h,28487.406722784042,7.9h,33007.91838765144,9.2h,28586.53106403351,7.9h,78.9%
1579,1579,0.00026471798501194905,0.0016061447095125914,1.0,,,32912.64730882645,9.1h,28505.073489904404,7.9h,33025.659833192825,9.2h,28604.272512435913,7.9h,79.0%
1580,1580,0.0002635108927392636,0.0014845513114705683,1.0,4.980115746307373,0.1363,32985.37323141098,9.2h,28522.743795394897,7.9h,33098.56582593918,9.2h,28622.021557092667,8.0h,79.0%
1581,1581,0.00026230623453038596,0.0013743324019014835,1.0,,,33003.05084180832,9.2h,28540.42150068283,7.9h,33116.286710739136,9.2h,28639.74244737625,8.0h,79.0%
1582,1582,0.0002611040133576912,0.0017674939399585127,1.0,,,33020.72529244423,9.2h,28558.096034288406,7.9h,33134.02943396568,9.2h,28657.48517680168,8.0h,79.1%
1583,1583,0.00025990423218754023,0.008558872409630568,0.999,,,33038.40536022186,9.2h,28575.776221752167,7.9h,33151.7811255455,9.2h,28675.23687362671,8.0h,79.1%
1584,1584,0.00025870689398027385,0.0016709836414083839,1.0,,,33056.08096575737,9.2h,28593.45192193985,7.9h,33169.53025007248,9.2h,28692.986006975174,8.0h,79.2%
1585,1585,0.0002575120016902047,0.0025932248616591094,1.0,,,33073.75813150406,9.2h,28611.12918138504,7.9h,33187.26243877411,9.2h,28710.718200206757,8.0h,79.2%
1586,1586,0.0002563195582656117,0.0017291749203577637,1.0,,,33091.43357491493,9.2h,28628.804732084274,8.0h,33204.99740934372,9.2h,28728.45317721367,8.0h,79.3%
1587,1587,0.0002551295666487292,0.005112886072136461,0.999,,,33109.108491659164,9.2h,28646.479766845703,8.0h,33222.72853517532,9.2h,28746.18430709839,8.0h,79.3%
1588,1588,0.0002539420297757441,0.00396267675794661,0.999,,,33126.787697553635,9.2h,28664.159060955048,8.0h,33240.48528289795,9.2h,28763.94106030464,8.0h,79.4%
1589,1589,0.0002527569505767854,0.0023312103897333144,1.0,,,33144.46147823334,9.2h,28681.832911014557,8.0h,33258.2285220623,9.2h,28781.68430495262,8.0h,79.5%
1590,1590,0.0002515743319759178,0.0016623536655679344,1.0,,,33162.142293930054,9.2h,28699.513865947723,8.0h,33275.98122000694,9.2h,28799.437007665634,8.0h,79.5%
1591,1591,0.0002503941768911362,0.0016065166834741832,1.0,,,33179.82018637657,9.2h,28717.191854953766,8.0h,33293.73431611061,9.2h,28817.19010949135,8.0h,79.5%
1592,1592,0.0002492164882343545,0.0017700333762913942,1.0,,,33197.49265289307,9.2h,28734.864406108856,8.0h,33311.47795367241,9.3h,28834.933753728867,8.0h,79.6%
1593,1593,0.00024804126891140313,0.0014731333386152983,1.0,,,33215.19113469124,9.2h,28752.563024044037,8.0h,33329.23728489876,9.3h,28852.693090438843,8.0h,79.7%
1594,1594,0.0002468685218220196,0.001461577202193439,1.0,,,33232.86986541748,9.2h,28770.241866111755,8.0h,33346.99126577377,9.3h,28870.447079896927,8.0h,79.7%
1595,1595,0.00024569824985983956,0.003339926015585661,0.999,,,33250.54407835007,9.2h,28787.91617655754,8.0h,33364.743087768555,9.3h,28888.198907852173,8.0h,79.8%
1596,1596,0.00024453045591239347,0.0016569498348981142,1.0,,,33268.21600532532,9.2h,28805.588181257248,8.0h,33382.454558849335,9.3h,28905.91038608551,8.0h,79.8%
1597,1597,0.00024336514286109673,0.0051077926363796,0.999,,,33285.89445352554,9.2h,28823.266731977463,8.0h,33400.20734858513,9.3h,28923.663179636,8.0h,79.8%
1598,1598,0.0002422023135812431,0.001950600791722536,1.0,,,33303.573449373245,9.3h,28840.945835351944,8.0h,33417.935173511505,9.3h,28941.39101076126,8.0h,79.9%
1599,1599,0.000241041970941999,0.0033148142667487265,1.0,,,33321.25238776207,9.3h,28858.624852657318,8.0h,33435.66450548172,9.3h,28959.12034678459,8.0h,80.0%
1600,1600,0.0002398841178063934,0.006060628020204604,0.998,4.966281098175049,0.1375,33393.993436813354,9.3h,28876.304382801056,8.0h,33508.577350616455,9.3h,28976.869146585464,8.0h,80.0%
1601,1601,0.00023872875703131495,0.0035691435039043426,1.0,,,33411.67250132561,9.3h,28893.983527183533,8.0h,33526.33408641815,9.3h,28994.62588572502,8.1h,80.0%
1602,1602,0.0002375758914675009,0.004916126675903797,0.999,,,33429.35323524475,9.3h,28911.664361953735,8.0h,33544.08859825134,9.3h,29012.380402088165,8.1h,80.1%
1603,1603,0.00023642552395953251,0.004360657290555537,0.999,,,33447.030285835266,9.3h,28929.341495990753,8.0h,33561.840787649155,9.3h,29030.132596969604,8.1h,80.2%
1604,1604,0.00023527765734582704,0.004125692870467901,1.0,,,33464.705137491226,9.3h,28947.016442775726,8.0h,33579.59061837196,9.3h,29047.88243818283,8.1h,80.2%
1605,1605,0.00023413229445863173,0.00153847914095968,1.0,,,33482.37953901291,9.3h,28964.690928459167,8.0h,33597.340106248856,9.3h,29065.631934165955,8.1h,80.2%
1606,1606,0.00023298943812401552,0.0014713491257280112,1.0,,,33500.056547403336,9.3h,28982.368033885956,8.1h,33615.08807349205,9.3h,29083.37990784645,8.1h,80.3%
1607,1607,0.0002318490911618623,0.0037337355837225913,0.999,,,33517.73968100548,9.3h,29000.05127453804,8.1h,33632.832120895386,9.3h,29101.123962640762,8.1h,80.3%
1608,1608,0.00023071125638586583,0.001925908158533275,1.0,,,33535.42254161835,9.3h,29017.734251499176,8.1h,33650.592713832855,9.3h,29118.884560108185,8.1h,80.4%
1609,1609,0.00022957593660351925,0.0015681148674339055,1.0,,,33553.1005961895,9.3h,29035.412403583527,8.1h,33668.32685136795,9.4h,29136.618703126907,8.1h,80.5%
1610,1610,0.00022844313461611228,0.00240027273632586,1.0,,,33570.78387570381,9.3h,29053.095818519592,8.1h,33686.08950448036,9.4h,29154.381361961365,8.1h,80.5%
1611,1611,0.00022731285321872006,0.0014048832189291717,1.0,,,33588.46654653549,9.3h,29070.77858686447,8.1h,33703.84400320053,9.4h,29172.135866880417,8.1h,80.5%
1612,1612,0.0002261850952002001,0.0019697141759097577,1.0,,,33606.14329338074,9.3h,29088.455414533615,8.1h,33721.59193134308,9.4h,29189.8837993145,8.1h,80.6%
1613,1613,0.000225059863343184,0.0019067791868001222,1.0,,,33623.82391452789,9.3h,29106.13613653183,8.1h,33739.34438371658,9.4h,29207.63625741005,8.1h,80.7%
1614,1614,0.00022393716042406824,0.0014682153072208166,1.0,,,33641.50109386444,9.3h,29123.813415765762,8.1h,33757.065866947174,9.4h,29225.357744932175,8.1h,80.7%
1615,1615,0.00022281698921301153,0.0011702902289107441,1.0,,,33659.18280959129,9.3h,29141.495232343674,8.1h,33774.82679224014,9.4h,29243.118677139282,8.1h,80.8%
1616,1616,0.0002216993524739246,0.0014599334057420492,1.0,,,33676.86346435547,9.4h,29159.17599916458,8.1h,33792.58060050011,9.4h,29260.872497320175,8.1h,80.8%
1617,1617,0.0002205842529644649,0.0022714121853932736,1.0,,,33694.539052248,9.4h,29176.851677656174,8.1h,33810.32810783386,9.4h,29278.620008707047,8.1h,80.8%
1618,1618,0.00021947169343603,0.001281697751954198,1.0,,,33712.21533584595,9.4h,29194.528066396713,8.1h,33828.07955408096,9.4h,29296.371463537216,8.1h,80.9%
1619,1619,0.00021836167663374974,0.0018584367912262679,1.0,,,33729.88963198662,9.4h,29212.202460289,8.1h,33845.83074092865,9.4h,29314.122665166855,8.1h,81.0%
1620,1620,0.00021725420529648034,0.0026700503854081036,1.0,4.9964721969604495,0.1347,33802.6328561306,9.4h,29229.87374973297,8.1h,33918.73308181763,9.4h,29331.865480184555,8.1h,81.0%
1621,1621,0.0002161492821567971,0.00203737455047667,1.0,,,33820.31084775925,9.4h,29247.551834106445,8.1h,33936.460575819016,9.4h,29349.59297990799,8.2h,81.0%
1622,1622,0.0002150469099409882,0.003784105524420738,0.999,,,33837.98397374153,9.4h,29265.22505092621,8.1h,33954.207337379456,9.4h,29367.339747190475,8.2h,81.1%
1623,1623,0.00021394709136904688,0.0013707342268899083,1.0,,,33855.65292739868,9.4h,29282.89407968521,8.1h,33971.944199085236,9.4h,29385.07661318779,8.2h,81.2%
1624,1624,0.00021284982915466705,0.0012656636703759431,1.0,,,33873.33261799812,9.4h,29300.573865413666,8.1h,33989.69836306572,9.4h,29402.830785512924,8.2h,81.2%
1625,1625,0.00021175512600523356,0.0013674669945612549,1.0,,,33891.01251101494,9.4h,29318.25384569168,8.1h,34007.442044734955,9.4h,29420.574473142624,8.2h,81.2%
1626,1626,0.00021066298462181756,0.0010689251739531755,1.0,,,33908.693383932114,9.4h,29335.9348218441,8.1h,34025.196950912476,9.5h,29438.329386234283,8.2h,81.3%
1627,1627,0.0002095734076991702,0.0012000206094235182,1.0,,,33926.36624503136,9.4h,29353.607771396637,8.2h,34042.94054269791,9.5h,29456.07298350334,8.2h,81.3%
1628,1628,0.000208486397925713,0.0034935026997700335,0.999,,,33944.04365324974,9.4h,29371.28528404236,8.2h,34060.66955304146,9.5h,29473.801998853683,8.2h,81.4%
1629,1629,0.00020740195798353507,0.0012730215974152087,1.0,,,33961.722338438034,9.4h,29388.964082717896,8.2h,34078.39834499359,9.5h,29491.53079676628,8.2h,81.5%
1630,1630,0.00020632009054838483,0.0011049547069706023,1.0,,,33979.40632557869,9.4h,29406.648178100586,8.2h,34096.155334472656,9.5h,29509.287796497345,8.2h,81.5%
1631,1631,0.00020524079828966143,0.0011243237480521202,1.0,,,33997.086743831635,9.4h,29424.328708171844,8.2h,34113.90629816055,9.5h,29527.038764238358,8.2h,81.5%
1632,1632,0.00020416408387041228,0.004712869924493134,0.999,,,34014.7618663311,9.4h,29442.003910779953,8.2h,34131.652926921844,9.5h,29544.785399198532,8.2h,81.6%
1633,1633,0.0002030899499473222,0.004518091012723744,1.0,,,34032.44521546364,9.5h,29459.687365055084,8.2h,34149.41515302658,9.5h,29562.547631263733,8.2h,81.7%
1634,1634,0.00020201839917071042,0.0042430322095751765,0.999,,,34050.12044906616,9.5h,29477.362703561783,8.2h,34167.14601063728,9.5h,29580.278495311737,8.2h,81.7%
1635,1635,0.00020094943418452234,0.0015293094143271446,1.0,,,34067.79995179176,9.5h,29495.042301893234,8.2h,34184.87226653099,9.5h,29598.004756450653,8.2h,81.8%
1636,1636,0.0001998830576263219,0.002323644956573844,1.0,,,34085.480707883835,9.5h,29512.723167657852,8.2h,34202.62736058235,9.5h,29615.759855031967,8.2h,81.8%
1637,1637,0.000198819272127288,0.0014474886339157819,1.0,,,34103.154386520386,9.5h,29530.39693570137,8.2h,34220.37542414665,9.5h,29633.507923603058,8.2h,81.8%
1638,1638,0.00019775808031220532,0.0012651863377541304,1.0,,,34120.827504873276,9.5h,29548.070130109787,8.2h,34238.11966896057,9.5h,29651.25217270851,8.2h,81.9%
1639,1639,0.00019669948479945923,0.001153952025808394,1.0,,,34138.50890803337,9.5h,29565.75163078308,8.2h,34255.87204790115,9.5h,29669.004558563232,8.2h,82.0%
1640,1640,0.00019564348820102841,0.0011655934620648622,1.0,4.9818459915161135,0.1352,34211.254262685776,9.5h,29583.43205356598,8.2h,34328.79379272461,9.5h,29686.759530305862,8.2h,82.0%
1641,1641,0.00019459009312248045,0.0015164809934794903,1.0,,,34228.93205475807,9.5h,29601.109925746918,8.2h,34346.52072763443,9.5h,29704.486468315125,8.3h,82.0%
1642,1642,0.0001935393021629625,0.0037667813170701265,0.999,,,34246.6051158905,9.5h,29618.78307366371,8.2h,34364.248057603836,9.5h,29722.21380496025,8.3h,82.1%
1643,1643,0.0001924911179151967,0.0027394816791638734,1.0,,,34264.27970743179,9.5h,29636.457741498947,8.2h,34382.00014305115,9.6h,29739.965893507004,8.3h,82.2%
1644,1644,0.00019144554296547366,0.0050624103862792254,0.999,,,34281.958372592926,9.5h,29654.136481523514,8.2h,34399.759088516235,9.6h,29757.724841594696,8.3h,82.2%
1645,1645,0.00019040257989364528,0.005759936140850187,0.998,,,34299.63281393051,9.5h,29671.811022281647,8.2h,34417.49484705925,9.6h,29775.460605859756,8.3h,82.2%
1646,1646,0.00018936223127312011,0.0022185379210859536,1.0,,,34317.31135058403,9.5h,29689.489663124084,8.2h,34435.2431602478,9.6h,29793.208924531937,8.3h,82.3%
1647,1647,0.00018832449967085373,0.001364644997753203,1.0,,,34334.99007606506,9.5h,29707.168484210968,8.3h,34452.99696803093,9.6h,29810.96273636818,8.3h,82.3%
1648,1648,0.0001872893876473464,0.001271162793971598,1.0,,,34352.667702913284,9.5h,29724.84620141983,8.3h,34470.72025489807,9.6h,29828.68602657318,8.3h,82.4%
1649,1649,0.00018625689775663467,0.0012028297772631049,1.0,,,34370.33787584305,9.5h,29742.516451358795,8.3h,34488.45985913277,9.6h,29846.425635814667,8.3h,82.5%
1650,1650,0.00018522703254628364,0.0011934079718776047,1.0,,,34388.016721487045,9.6h,29760.19539284706,8.3h,34506.193966150284,9.6h,29864.15974998474,8.3h,82.5%
1651,1651,0.00018419979455738412,0.011387218290939928,0.997,,,34405.695915699005,9.6h,29777.874676465988,8.3h,34523.944362163544,9.6h,29881.910151958466,8.3h,82.5%
1652,1652,0.0001831751863245435,0.0021399568202905357,1.0,,,34423.36988043785,9.6h,29795.548726081848,8.3h,34541.69568300247,9.6h,29899.66147708893,8.3h,82.6%
1653,1653,0.0001821532103758803,0.0014230884592980146,1.0,,,34441.04275250435,9.6h,29813.221682310104,8.3h,34559.443806648254,9.6h,29917.409606933594,8.3h,82.7%
1654,1654,0.00018113386923301964,0.00356626663915813,1.0,,,34458.72070169449,9.6h,29830.899710416794,8.3h,34577.19513320923,9.6h,29935.160937547684,8.3h,82.7%
1655,1655,0.00018011716541108314,0.0027768952241167427,1.0,,,34476.392028570175,9.6h,29848.571115493774,8.3h,34594.92315220833,9.6h,29952.888962984085,8.3h,82.8%
1656,1656,0.00017910310141868745,0.003021610614378005,1.0,,,34494.06569647789,9.6h,29866.244881868362,8.3h,34612.66074204445,9.6h,29970.626557588577,8.3h,82.8%
1657,1657,0.00017809167975793428,0.001362871871329844,1.0,,,34511.738203048706,9.6h,29883.917474269867,8.3h,34630.41884469986,9.6h,29988.38466477394,8.3h,82.8%
1658,1658,0.00017708290292440596,0.0013237032992765307,1.0,,,34529.41507959366,9.6h,29901.59442806244,8.3h,34648.164504528046,9.6h,30006.130331277847,8.3h,82.9%
1659,1659,0.00017607677340715885,0.0012636104598641395,1.0,,,34547.09378838539,9.6h,29919.273265600204,8.3h,34665.89317750931,9.6h,30023.8590092659,8.3h,83.0%
1660,1660,0.0001750732936887182,0.0011243659919127822,1.0,4.971331835174561,0.1337,34619.85588288307,9.6h,29936.95483803749,8.3h,34738.81963443756,9.6h,30041.601115942,8.3h,83.0%
1661,1661,0.00017407246624507,0.003018421256914735,0.999,,,34637.534385204315,9.6h,29954.633420467377,8.3h,34756.57903575897,9.7h,30059.36052250862,8.3h,83.0%
1662,1662,0.00017307429354565624,0.004041351110674441,0.999,,,34655.207605838776,9.6h,29972.30671453476,8.3h,34774.292385578156,9.7h,30077.073877096176,8.4h,83.1%
1663,1663,0.00017207877805336974,0.0013192333346232772,1.0,,,34672.88559627533,9.6h,29989.98480272293,8.3h,34792.014154434204,9.7h,30094.795650720596,8.4h,83.2%
1664,1664,0.00017108592222454477,0.001295572530478239,1.0,,,34690.564239263535,9.6h,30007.663541316986,8.3h,34809.76661944389,9.7h,30112.54812192917,8.4h,83.2%
1665,1665,0.00017009572850895506,0.0011587005858309568,1.0,,,34708.24194097519,9.6h,30025.34133219719,8.3h,34827.51868414879,9.7h,30130.300192832947,8.4h,83.2%
1666,1666,0.00016910819934980571,0.0012161691337823869,1.0,,,34725.91201400757,9.6h,30043.01147532463,8.3h,34845.243141412735,9.7h,30148.024653196335,8.4h,83.3%
1667,1667,0.00016812333718372569,0.001251659646630287,1.0,,,34743.587626457214,9.7h,30060.687180280685,8.4h,34862.97920870781,9.7h,30165.760724306107,8.4h,83.4%
1668,1668,0.00016714114444076544,0.0011175386952236295,1.0,,,34761.262711048126,9.7h,30078.362362384796,8.4h,34880.72264671326,9.7h,30183.504167079926,8.4h,83.4%
1669,1669,0.00016616162354438692,0.0017879951428622007,1.0,,,34778.94428753853,9.7h,30096.04403948784,8.4h,34898.480949640274,9.7h,30201.262475013733,8.4h,83.5%
1670,1670,0.00016518477691146119,0.004365254667587578,0.999,,,34796.62662482262,9.7h,30113.72647547722,8.4h,34916.22007775307,9.7h,30219.001606702805,8.4h,83.5%
1671,1671,0.00016421060695226062,0.002603822964709252,1.0,,,34814.3081009388,9.7h,30131.408056735992,8.4h,34933.95642876625,9.7h,30236.737962961197,8.4h,83.5%
1672,1672,0.00016323911607045164,0.0036915789116173984,1.0,,,34831.98596048355,9.7h,30149.086010932922,8.4h,34951.710700273514,9.7h,30254.492240667343,8.4h,83.6%
1673,1673,0.00016227030666309238,0.0020896710231900215,1.0,,,34849.65781164169,9.7h,30166.757951021194,8.4h,34969.453087091446,9.7h,30272.234632253647,8.4h,83.7%
1674,1674,0.00016130418112062344,0.0012733635641634464,1.0,,,34867.32992053032,9.7h,30184.430128097534,8.4h,34987.194989442825,9.7h,30289.97653746605,8.4h,83.7%
1675,1675,0.00016034074182686353,0.0010640686014667152,1.0,,,34885.00996732712,9.7h,30202.11027765274,8.4h,35004.94927096367,9.7h,30307.730825662613,8.4h,83.8%
1676,1676,0.00015937999115900304,0.0019243190586566924,1.0,,,34902.69288277626,9.7h,30219.79330086708,8.4h,35022.711263656616,9.7h,30325.492823123932,8.4h,83.8%
1677,1677,0.00015842193148759933,0.0016534794000908732,1.0,,,34920.36891937256,9.7h,30237.46940755844,8.4h,35040.45710706711,9.7h,30343.238669872284,8.4h,83.9%
1678,1678,0.00015746656517656908,0.003360480278264731,0.999,,,34938.04853487015,9.7h,30255.149119138718,8.4h,35058.18217372894,9.7h,30360.963742017746,8.4h,83.9%
1679,1679,0.00015651389458318365,0.003466963364742696,0.999,,,34955.734194755554,9.7h,30272.834874868393,8.4h,35075.941514492035,9.7h,30378.72308921814,8.4h,84.0%
1680,1680,0.00015556392205806312,0.004673220837488771,0.999,4.983172849273681,0.1378,35028.482313632965,9.7h,30290.520424604416,8.4h,35148.87620663643,9.8h,30396.48401761055,8.4h,84.0%
1681,1681,0.00015461664994517006,0.0012729327757842839,1.0,,,35046.15902924538,9.7h,30308.197222471237,8.4h,35166.622388124466,9.8h,30414.230209589005,8.4h,84.0%
1682,1682,0.00015367208058180478,0.0012957481537014246,1.0,,,35063.83813238144,9.7h,30325.876405000687,8.4h,35184.374319553375,9.8h,30431.98214483261,8.5h,84.1%
1683,1683,0.00015273021629859756,0.0011021408420056106,1.0,,,35081.51317381859,9.7h,30343.551523685455,8.4h,35202.104237794876,9.8h,30449.712066411972,8.5h,84.2%
1684,1684,0.00015179105941950515,0.002413801900111139,1.0,,,35099.18759012222,9.7h,30361.226010799408,8.4h,35219.85458612442,9.8h,30467.46241736412,8.5h,84.2%
1685,1685,0.00015085461226180442,0.002262124249711633,1.0,,,35116.86322569847,9.8h,30378.901749372482,8.4h,35237.580325603485,9.8h,30485.188161849976,8.5h,84.2%
1686,1686,0.00014992087713608463,0.006018892783671618,0.999,,,35134.53486776352,9.8h,30396.573460817337,8.4h,35255.30145597458,9.8h,30502.90929532051,8.5h,84.3%
1687,1687,0.00014898985634624506,0.004278995762579143,1.0,,,35152.21143126488,9.8h,30414.250127077103,8.4h,35273.04603886604,9.8h,30520.65388226509,8.5h,84.4%
1688,1688,0.0001480615521894869,0.0028480019439011814,1.0,,,35169.88990211487,9.8h,30431.928688049316,8.5h,35290.79506778717,9.8h,30538.40291619301,8.5h,84.4%
1689,1689,0.0001471359669563078,0.0023355913562700154,1.0,,,35187.56065297127,9.8h,30449.59951710701,8.5h,35308.537048101425,9.8h,30556.144901037216,8.5h,84.5%
1690,1690,0.00014621310293049843,0.0014003644855692982,1.0,,,35205.23076295853,9.8h,30467.269719839096,8.5h,35326.25932312012,9.8h,30573.867181539536,8.5h,84.5%
1691,1691,0.00014529296238913273,0.0012129478333517908,1.0,,,35222.901809453964,9.8h,30484.940851926804,8.5h,35344.00525069237,9.8h,30591.613117218018,8.5h,84.5%
1692,1692,0.00014437554760256708,0.0028180835442617536,1.0,,,35240.57680130005,9.8h,30502.615927934647,8.5h,35361.74994754791,9.8h,30609.357819080353,8.5h,84.6%
1693,1693,0.00014346086083443063,0.0011384960720315575,1.0,,,35258.25106692314,9.8h,30520.290259838104,8.5h,35379.49711585045,9.8h,30627.104990005493,8.5h,84.7%
1694,1694,0.00014254890434162238,0.0021937679676339032,1.0,,,35275.92440891266,9.8h,30537.963706970215,8.5h,35397.2216091156,9.8h,30644.829488515854,8.5h,84.7%
1695,1695,0.0001416396803743039,0.00339241443015635,0.999,,,35293.597287893295,9.8h,30555.636672496796,8.5h,35414.96471810341,9.8h,30662.572603225708,8.5h,84.8%
1696,1696,0.00014073319117589563,0.00115829662932083,1.0,,,35311.26810693741,9.8h,30573.30756354332,8.5h,35432.68552827835,9.8h,30680.293416023254,8.5h,84.8%
1697,1697,0.00013982943898306898,0.0012023759800940752,1.0,,,35328.93615102768,9.8h,30590.975700855255,8.5h,35450.42536306381,9.8h,30698.03325676918,8.5h,84.9%
1698,1698,0.0001389284260257427,0.0010656583420932293,1.0,,,35346.62081980705,9.8h,30608.660463809967,8.5h,35468.181317806244,9.9h,30715.789216041565,8.5h,84.9%
1699,1699,0.00013803015452707734,0.001101887400727719,1.0,,,35364.29608917236,9.8h,30626.335820674896,8.5h,35485.90954041481,9.9h,30733.517442941666,8.5h,85.0%
1700,1700,0.00013713462670346746,0.0009718740512616932,1.0,4.9745627197265625,0.1365,35437.02406787872,9.8h,30644.011077404022,8.5h,35558.79621052742,9.9h,30751.2623193264,8.5h,85.0%
1701,1701,0.00013624184476453984,0.0013322948468849063,1.0,,,35454.70462322235,9.8h,30661.691741228104,8.5h,35576.55072116852,9.9h,30769.016837596893,8.5h,85.0%
1702,1702,0.00013535181091314476,0.0012126856772229075,1.0,,,35472.38016414642,9.9h,30679.36735510826,8.5h,35594.268469810486,9.9h,30786.734590768814,8.6h,85.1%
1703,1703,0.00013446452734535208,0.0010427239201962948,1.0,,,35490.055559396744,9.9h,30697.042837381363,8.5h,35612.01875925064,9.9h,30804.484885454178,8.6h,85.2%
1704,1704,0.00013357999625044666,0.003983544331043959,0.999,,,35507.7309756279,9.9h,30714.718356847763,8.5h,35629.74051165581,9.9h,30822.206643104553,8.6h,85.2%
1705,1705,0.00013269821981091987,0.004251372736878693,1.0,,,35525.410734176636,9.9h,30732.398228168488,8.5h,35647.49060344696,9.9h,30839.95673942566,8.6h,85.2%
1706,1706,0.00013181920020246805,0.001507741997949779,1.0,,,35543.09589982033,9.9h,30750.083539247513,8.5h,35665.25412464142,9.9h,30857.72027182579,8.6h,85.3%
1707,1707,0.00013094293959398513,0.001062351981177926,1.0,,,35560.787140131,9.9h,30767.774963855743,8.5h,35683.003500938416,9.9h,30875.46965456009,8.6h,85.4%
1708,1708,0.0001300694401475561,0.0011505321618169547,1.0,,,35578.49171304703,9.9h,30785.47971057892,8.6h,35700.78259015083,9.9h,30893.248754024506,8.6h,85.4%
1709,1709,0.00012919870401845477,0.0018414293387904763,1.0,,,35596.17348575592,9.9h,30803.161612272263,8.6h,35718.52584171295,9.9h,30910.992013454437,8.6h,85.5%
1710,1710,0.00012833073335513566,0.0011527253929525614,1.0,,,35613.855853796005,9.9h,30820.844104766846,8.6h,35736.254981040955,9.9h,30928.721164226532,8.6h,85.5%
1711,1711,0.00012746553029923023,0.000924207869451493,1.0,,,35631.54255914688,9.9h,30838.5309612751,8.6h,35753.99215865135,9.9h,30946.458349227905,8.6h,85.5%
1712,1712,0.00012660309698554092,0.0014334365501999856,1.0,,,35649.23202705383,9.9h,30856.220546245575,8.6h,35771.725053310394,9.9h,30964.19125032425,8.6h,85.6%
1713,1713,0.0001257434355420358,0.0019951951657421886,1.0,,,35666.92266821861,9.9h,30873.9113407135,8.6h,35789.48778271675,9.9h,30981.953985452652,8.6h,85.7%
1714,1714,0.00012488654808984485,0.006240260045044124,0.999,,,35684.60484337807,9.9h,30891.59361886978,8.6h,35807.25015044212,9.9h,30999.71635913849,8.6h,85.7%
1715,1715,0.00012403243674325207,0.0012340916749089955,1.0,,,35702.30018615723,9.9h,30909.289098978043,8.6h,35825.0217256546,10.0h,31017.4879424572,8.6h,85.8%
1716,1716,0.00012318110360969267,0.0010926588159054517,1.0,,,35719.98053264618,9.9h,30926.96954679489,8.6h,35842.757660627365,10.0h,31035.223885774612,8.6h,85.8%
1717,1717,0.0001223325507897461,0.0010424883058294653,1.0,,,35737.66093540192,9.9h,30944.650042772293,8.6h,35860.49258732796,10.0h,31052.95881795883,8.6h,85.9%
1718,1718,0.00012148678037713266,0.0013741387142799796,1.0,,,35755.33705186844,9.9h,30962.326269865036,8.6h,35878.23989486694,10.0h,31070.706130743027,8.6h,85.9%
1719,1719,0.00012064379445870611,0.0010763830887153744,1.0,,,35773.01386857033,9.9h,30980.0031645298,8.6h,35895.989366054535,10.0h,31088.45560669899,8.6h,86.0%
1720,1720,0.00011980359511445071,0.0009439322631806136,1.0,4.975604864501953,0.1372,35845.777593135834,10.0h,30997.675618171692,8.6h,35968.92485952377,10.0h,31106.197865724564,8.6h,86.0%
1721,1721,0.00011896618441747548,0.003163160950876772,1.0,,,35863.46244740486,10.0h,31015.36060476303,8.6h,35986.65107297897,10.0h,31123.92408514023,8.6h,86.1%
1722,1722,0.00011813156443400679,0.005730973012745381,0.999,,,35881.1453499794,10.0h,31033.043612718582,8.6h,36004.390389204025,10.0h,31141.663408517838,8.7h,86.1%
1723,1723,0.0001172997372233876,0.004032727969810366,0.999,,,35898.82232427597,10.0h,31050.72071504593,8.6h,36022.13962864876,10.0h,31159.41265630722,8.7h,86.2%
1724,1724,0.00011647070483806807,0.003708873437251896,0.999,,,35916.5031414032,10.0h,31068.4016726017,8.6h,36039.89384436607,10.0h,31177.166877985,8.7h,86.2%
1725,1725,0.00011564446932360345,0.0021196466982364654,1.0,,,35934.18051838875,10.0h,31086.079166650772,8.6h,36057.623568058014,10.0h,31194.896606206894,8.7h,86.2%
1726,1726,0.00011482103271864827,0.0016513688927516342,1.0,,,35951.855322122574,10.0h,31103.75408411026,8.6h,36075.36178660393,10.0h,31212.634830474854,8.7h,86.3%
1727,1727,0.00011400039705494953,0.004327999661676586,0.999,,,35969.5326089859,10.0h,31121.4314930439,8.6h,36093.09298014641,10.0h,31230.366028547287,8.7h,86.4%
1728,1728,0.00011318256435734501,0.005312600639648736,0.999,,,35987.207221508026,10.0h,31139.106207609177,8.6h,36110.842695474625,10.0h,31248.11574959755,8.7h,86.4%
1729,1729,0.00011236753664375513,0.001351880100555718,1.0,,,36004.88328886032,10.0h,31156.782382249832,8.7h,36128.5890648365,10.0h,31265.86212706566,8.7h,86.5%
1730,1730,0.00011155531592518002,0.001117456654086709,1.0,,,36022.55692815781,10.0h,31174.456138134003,8.7h,36146.32073688507,10.0h,31283.59380531311,8.7h,86.5%
1731,1731,0.0001107459042056931,0.0011640130011364817,1.0,,,36040.227435827255,10.0h,31192.126730918884,8.7h,36164.05680012703,10.0h,31301.329875707626,8.7h,86.6%
1732,1732,0.00010993930348243793,0.0014742574086412787,1.0,,,36057.902921915054,10.0h,31209.802292346954,8.7h,36181.81006169319,10.1h,31319.08314013481,8.7h,86.6%
1733,1733,0.00010913551574562128,0.002001375929452479,1.0,,,36075.575055360794,10.0h,31227.47454047203,8.7h,36199.5587310791,10.1h,31336.831817388535,8.7h,86.7%
1734,1734,0.00010833454297850959,0.004834466889034957,1.0,,,36093.25732946396,10.0h,31245.156944274902,8.7h,36217.31441617012,10.1h,31354.587508916855,8.7h,86.7%
1735,1735,0.00010753638715742337,0.0019599317852407694,1.0,,,36110.934077978134,10.0h,31262.833841085434,8.7h,36235.05021929741,10.1h,31372.323319911957,8.7h,86.8%
1736,1736,0.0001067410502517327,0.0011321941623464228,1.0,,,36128.609585523605,10.0h,31280.509437084198,8.7h,36252.782385349274,10.1h,31390.055490016937,8.7h,86.8%
1737,1737,0.00010594853422385283,0.004484202501364052,0.999,,,36146.2845389843,10.0h,31298.18449497223,8.7h,36270.52924108505,10.1h,31407.802352905273,8.7h,86.9%
1738,1738,0.00010515884102923786,0.002704453385435045,1.0,,,36163.96134734154,10.0h,31315.86144065857,8.7h,36288.265258550644,10.1h,31425.53837776184,8.7h,86.9%
1739,1739,0.00010437197261637723,0.005171089478768408,0.999,,,36181.63725113869,10.1h,31333.53746151924,8.7h,36305.998641729355,10.1h,31443.27176475525,8.7h,87.0%
1740,1740,0.00010358793092679095,0.0009599570548161864,1.0,4.958205627441406,0.1371,36254.37832784653,10.1h,31351.217826604843,8.7h,36378.87775635719,10.1h,31461.003380298615,8.7h,87.0%
1741,1741,0.00010280671789502333,0.0019285047659650446,1.0,,,36272.05792546272,10.1h,31368.897494077682,8.7h,36396.62474966049,10.1h,31478.750377893448,8.7h,87.1%
1742,1742,0.00010202833544864012,0.0009733666526153684,1.0,,,36289.732003450394,10.1h,31386.57167863846,8.7h,36414.37300992012,10.1h,31496.498643398285,8.7h,87.1%
1743,1743,0.00010125278550822322,0.0010225334642454981,1.0,,,36307.40815091133,10.1h,31404.24791932106,8.7h,36432.13189983368,10.1h,31514.25754213333,8.8h,87.2%
1744,1744,0.00010048006998736386,0.0010934432903304697,1.0,,,36325.08675074577,10.1h,31421.926601409912,8.7h,36449.880957365036,10.1h,31532.00660252571,8.8h,87.2%
1745,1745,0.00009971019079266206,0.006346004359424114,0.999,,,36342.76518893242,10.1h,31439.60513830185,8.7h,36467.63679075241,10.1h,31549.762444257736,8.8h,87.2%
1746,1746,0.00009894314982371702,0.001655610772781074,1.0,,,36360.43921375275,10.1h,31457.279272794724,8.7h,36485.380875349045,10.1h,31567.506535053253,8.8h,87.3%
1747,1747,0.0000981789489731268,0.0011468616779893638,1.0,,,36378.12033700943,10.1h,31474.960500240326,8.7h,36503.11101150513,10.1h,31585.236677646637,8.8h,87.4%
1748,1748,0.00009741759012648084,0.0019790546176955102,1.0,,,36395.79485106468,10.1h,31492.63511800766,8.7h,36520.85582065582,10.1h,31602.98149204254,8.8h,87.4%
1749,1749,0.00009665907516235615,0.0011271490771323442,1.0,,,36413.47581195831,10.1h,31510.316181898117,8.8h,36538.591744184494,10.1h,31620.717420101166,8.8h,87.5%
1750,1750,0.00009590340595231357,0.0009723870111629367,1.0,,,36431.14866232872,10.1h,31527.989125728607,8.8h,36556.31962275505,10.2h,31638.44530439377,8.8h,87.5%
1751,1751,0.00009515058436089135,0.0008833280205726623,1.0,,,36448.82021975517,10.1h,31545.660774946213,8.8h,36574.03443622589,10.2h,31656.16012239456,8.8h,87.5%
1752,1752,0.0000944006122456021,0.001427984539885074,1.0,,,36466.493106365204,10.1h,31563.333733558655,8.8h,36591.75766682625,10.2h,31673.883355379105,8.8h,87.6%
1753,1753,0.0000936534914569271,0.0010344680803827941,1.0,,,36484.16560649872,10.1h,31581.00632071495,8.8h,36609.49956512451,10.2h,31691.62525868416,8.8h,87.6%
1754,1754,0.00009290922383831342,0.0021926944884471597,1.0,,,36501.8462741375,10.1h,31598.687089681625,8.8h,36627.234491825104,10.2h,31709.360190868378,8.8h,87.7%
1755,1755,0.00009216781122616654,0.00393190235644579,1.0,,,36519.52636361122,10.1h,31616.367282152176,8.8h,36644.97604680061,10.2h,31727.101752996445,8.8h,87.8%
1756,1756,0.0000914292554498488,0.0016804084377363324,1.0,,,36537.231949329376,10.1h,31634.073011159897,8.8h,36662.75570225716,10.2h,31744.881419420242,8.8h,87.8%
1757,1757,0.0000906935583316732,0.005947992228437215,0.999,,,36554.921689510345,10.2h,31651.762895822525,8.8h,36680.525029182434,10.2h,31762.65075111389,8.8h,87.8%
1758,1758,0.00008996072168689896,0.0010193361565470696,1.0,,,36572.601554870605,10.2h,31669.442862033844,8.8h,36698.27824091911,10.2h,31780.403973340988,8.8h,87.9%
1759,1759,0.0000892307473237284,0.0009791728435084223,1.0,,,36590.27978396416,10.2h,31687.121173858643,8.8h,36716.02764797211,10.2h,31798.153388261795,8.8h,87.9%
1760,1760,0.00008850363704329962,0.002442292029038072,0.999,4.9647550300598144,0.138,36663.037028074265,10.2h,31704.801753520966,8.8h,36788.93744969368,10.2h,31815.878852128983,8.8h,88.0%
1761,1761,0.00008777939263968547,0.00445673413015902,0.999,,,36680.72585391998,10.2h,31722.490691661835,8.8h,36806.70494699478,10.2h,31833.646356105804,8.8h,88.0%
1762,1762,0.00008705801589988745,0.0037086054421961306,0.999,,,36698.410531282425,10.2h,31740.175544261932,8.8h,36824.46431350708,10.2h,31851.4057264328,8.8h,88.1%
1763,1763,0.0000863395086038301,0.006617502309847623,0.998,,,36716.09168457985,10.2h,31757.856829166412,8.8h,36842.22304344177,10.2h,31869.164462804794,8.9h,88.1%
1764,1764,0.00008562387252435946,0.0011641920660622417,1.0,,,36733.77008867264,10.2h,31775.535349607468,8.8h,36859.971628427505,10.2h,31886.913055181503,8.9h,88.2%
1765,1765,0.00008491110942723613,0.0009390522432513535,1.0,,,36751.44613528252,10.2h,31793.211490869522,8.8h,36877.725116968155,10.2h,31904.666551351547,8.9h,88.2%
1766,1766,0.00008420122107113232,0.002455111924558878,1.0,,,36769.123573064804,10.2h,31810.889039754868,8.8h,36895.4837911129,10.2h,31922.425230503082,8.9h,88.3%
1767,1767,0.0000834942092076268,0.002474439222365618,1.0,,,36786.80902957916,10.2h,31828.574600219727,8.8h,36913.2158510685,10.3h,31940.1572971344,8.9h,88.3%
1768,1768,0.00008279007558120092,0.001450386693701148,1.0,,,36804.48844718933,10.2h,31846.25413107872,8.8h,36930.95389795303,10.3h,31957.895350694656,8.9h,88.4%
1769,1769,0.0000820888219292348,0.0009660415761172771,1.0,,,36822.164519548416,10.2h,31863.930318832397,8.9h,36948.70547056198,10.3h,31975.646929979324,8.9h,88.4%
1770,1770,0.00008139044998200197,0.0010271337893791497,1.0,,,36839.84622454643,10.2h,31881.61213684082,8.9h,36966.46894598007,10.3h,31993.41041111946,8.9h,88.5%
1771,1771,0.00008069496146266573,0.0008793486687354744,1.0,,,36857.52154684067,10.2h,31899.287556171417,8.9h,36984.19587302208,10.3h,32011.137341737747,8.9h,88.5%
1772,1772,0.00008000235808727478,0.0009304404510185123,1.0,,,36875.19560241699,10.2h,31916.961715221405,8.9h,37001.931213378906,10.3h,32028.87268781662,8.9h,88.6%
1773,1773,0.00007931264156475946,0.0023276988910511135,1.0,,,36892.86657166481,10.2h,31934.632764577866,8.9h,37019.650176763535,10.3h,32046.59165787697,8.9h,88.6%
1774,1774,0.0000786258135969264,0.0011311543639749289,1.0,,,36910.547293663025,10.3h,31952.31359219551,8.9h,37037.37348437309,10.3h,32064.314969539642,8.9h,88.7%
1775,1775,0.00007794187587845512,0.00196521322010085,1.0,,,36928.22509622574,10.3h,31969.99149465561,8.9h,37055.12174963951,10.3h,32082.063242197037,8.9h,88.8%
1776,1776,0.00007726083009689476,0.003649773021694273,0.999,,,36945.89886498451,10.3h,31987.665358781815,8.9h,37072.87607932091,10.3h,32099.81758069992,8.9h,88.8%
1777,1777,0.00007658267793265723,0.0018797094486653805,1.0,,,36963.573726415634,10.3h,32005.340319633484,8.9h,37090.60824346542,10.3h,32117.549754858017,8.9h,88.8%
1778,1778,0.00007590742105901628,0.0022080132961273193,1.0,,,36981.253316640854,10.3h,32023.020006895065,8.9h,37108.33048415184,10.3h,32135.272002220154,8.9h,88.9%
1779,1779,0.00007523506114210026,0.0009375803461298347,1.0,,,36998.932745456696,10.3h,32040.699562311172,8.9h,37126.05498123169,10.3h,32152.996507406235,8.9h,88.9%
1780,1780,0.00007456559984089114,0.001023797475732863,1.0,4.957622338867187,0.1372,37071.66500520706,10.3h,32058.379193782806,8.9h,37198.980583906174,10.3h,32170.75036048889,8.9h,89.0%
1781,1781,0.00007389903880721815,0.0016828770143911243,1.0,,,37089.34017634392,10.3h,32076.054440259933,8.9h,37216.727583646774,10.3h,32188.497364759445,8.9h,89.0%
1782,1782,0.00007323537968575388,0.000908125726506114,1.0,,,37107.018718242645,10.3h,32093.733082532883,8.9h,37234.45243144035,10.3h,32206.22221970558,8.9h,89.1%
1783,1783,0.00007257462411401167,0.0009335503280162811,1.0,,,37124.69448661804,10.3h,32111.408939123154,8.9h,37252.174246788025,10.3h,32223.944041967392,9.0h,89.1%
1784,1784,0.00007191677372233999,0.0008369028377346694,1.0,,,37142.367849588394,10.3h,32129.082379817963,8.9h,37269.89384388924,10.4h,32241.663644075394,9.0h,89.2%
1785,1785,0.00007126183013391919,0.0009506846945732831,1.0,,,37160.04999279976,10.3h,32146.764602661133,8.9h,37287.64939594269,10.4h,32259.419199466705,9.0h,89.2%
1786,1786,0.00007060979496475784,0.003992806411348283,0.999,,,37177.72062802315,10.3h,32164.435324430466,8.9h,37305.38725686073,10.4h,32277.157064914703,9.0h,89.3%
1787,1787,0.00006996066982368777,0.0008642398165538907,1.0,,,37195.40260386467,10.3h,32182.117423295975,8.9h,37323.12631082535,10.4h,32294.89612555504,9.0h,89.3%
1788,1788,0.00006931445631236056,0.0009741670326329768,1.0,,,37213.08186793327,10.3h,32199.796775341034,8.9h,37340.873126745224,10.4h,32312.642947912216,9.0h,89.4%
1789,1789,0.00006867115602524396,0.0014787685233168305,1.0,,,37230.75868988037,10.3h,32217.4736828804,8.9h,37358.6185772419,10.4h,32330.388419628143,9.0h,89.5%
1790,1790,0.00006803077054961731,0.0032491630064323544,1.0,,,37248.444242715836,10.3h,32235.15933728218,9.0h,37376.36426973343,10.4h,32348.134118318558,9.0h,89.5%
1791,1791,0.00006739330146556822,0.0026900259586982427,1.0,,,37266.12882900238,10.4h,32252.844037771225,9.0h,37394.09550333023,10.4h,32365.865356445312,9.0h,89.5%
1792,1792,0.00006675875034598833,0.0013078009644523264,1.0,,,37283.812582969666,10.4h,32270.52788591385,9.0h,37411.853689432144,10.4h,32383.623548984528,9.0h,89.6%
1793,1793,0.00006612711875656955,0.0022157575180754064,1.0,,,37301.50021123886,10.4h,32288.215625047684,9.0h,37429.595536231995,10.4h,32401.365401268005,9.0h,89.6%
1794,1794,0.00006549840825579965,0.0008503446578979492,1.0,,,37319.1790266037,10.4h,32305.89452934265,9.0h,37447.326565265656,10.4h,32419.09643483162,9.0h,89.7%
1795,1795,0.00006487262039495996,0.0008572184382937848,1.0,,,37336.85956120491,10.4h,32323.575157880783,9.0h,37465.06020236015,10.4h,32436.830078840256,9.0h,89.8%
1796,1796,0.0000642497567181191,0.003474942712113261,1.0,,,37354.53033661842,10.4h,32341.2460000515,9.0h,37482.772799253464,10.4h,32454.54268169403,9.0h,89.8%
1797,1797,0.00006362981876213147,0.003061370369512588,0.999,,,37372.208081007004,10.4h,32358.92384147644,9.0h,37500.523421764374,10.4h,32472.29333972931,9.0h,89.8%
1798,1798,0.00006301280805663292,0.002616378655657172,1.0,,,37389.89317941666,10.4h,32376.60902953148,9.0h,37518.275844335556,10.4h,32490.045768499374,9.0h,89.9%
1799,1799,0.0000623987261240351,0.0009079062486998737,1.0,,,37407.57726311684,10.4h,32394.293220996857,9.0h,37536.03261446953,10.4h,32507.80254483223,9.0h,90.0%
1800,1800,0.00006178757447952514,0.0010564876487478615,1.0,4.96703388671875,0.1353,37480.32811784744,10.4h,32411.972780942917,9.0h,37608.94411635399,10.4h,32525.53894686699,9.0h,90.0%
1801,1801,0.00006117935463105794,0.0025153783839195966,1.0,,,37498.00923919678,10.4h,32429.65399122238,9.0h,37626.68058156967,10.5h,32543.275420427322,9.0h,90.0%
1802,1802,0.00006057406807935622,0.004185867645777762,0.999,,,37515.6986014843,10.4h,32447.343485593796,9.0h,37644.440888404846,10.5h,32561.03573513031,9.0h,90.1%
1803,1803,0.00005997171631790421,0.006464132186025381,0.999,,,37533.38012671471,10.4h,32465.025121212006,9.0h,37662.19755291939,10.5h,32578.792405366898,9.0h,90.1%
1804,1804,0.000059372300832944696,0.0009488516598939896,1.0,,,37551.06226539612,10.4h,32482.707344055176,9.0h,37679.931542396545,10.5h,32596.526400327682,9.1h,90.2%
1805,1805,0.00005877582310347642,0.0012260540942661464,1.0,,,37568.740730285645,10.4h,32500.385906219482,9.0h,37697.65241956711,10.5h,32614.247282505035,9.1h,90.2%
1806,1806,0.00005818228460124836,0.0029862226517871023,1.0,,,37586.419353723526,10.4h,32518.064620256424,9.0h,37715.394787311554,10.5h,32631.98965525627,9.1h,90.3%
1807,1807,0.000057591686790758045,0.001525138134136796,1.0,,,37604.10406446457,10.4h,32535.749419927597,9.0h,37733.15663123131,10.5h,32649.75150370598,9.1h,90.3%
1808,1808,0.000057004031129246484,0.0021175365671515464,1.0,,,37621.78960561752,10.5h,32553.43507051468,9.0h,37750.91479587555,10.5h,32667.509675502777,9.1h,90.4%
1809,1809,0.00005641931906669617,0.005383697704877705,0.999,,,37639.46812295914,10.5h,32571.113682746887,9.0h,37768.65603685379,10.5h,32685.250921964645,9.1h,90.5%
1810,1810,0.000055837552045825686,0.0037435481590218844,0.999,,,37657.14750504494,10.5h,32588.79316186905,9.1h,37786.40582251549,10.5h,32703.0007147789,9.1h,90.5%
1811,1811,0.000055258731502087214,0.0021407998502254487,1.0,,,37674.826563596725,10.5h,32606.47230911255,9.1h,37804.144386291504,10.5h,32720.739287614822,9.1h,90.5%
1812,1812,0.000054682858863663175,0.0016451897975057364,1.0,,,37692.51705265045,10.5h,32624.162923574448,9.1h,37821.91884016991,10.5h,32738.513747930527,9.1h,90.6%
1813,1813,0.000054109935551461685,0.0014725098498165608,1.0,,,37710.20192027092,10.5h,32641.847927570343,9.1h,37839.6505420208,10.5h,32756.245453834534,9.1h,90.6%
1814,1814,0.00005353996297911474,0.002666992459446192,1.0,,,37727.88090443611,10.5h,32659.52703332901,9.1h,37857.40090227127,10.5h,32773.99582028389,9.1h,90.7%
1815,1815,0.000052972942552972094,0.002247855975292623,1.0,,,37745.56240797043,10.5h,32677.208663463593,9.1h,37875.1621222496,10.5h,32791.7570476532,9.1h,90.8%
1816,1816,0.000052408875672100854,0.002806237249169499,0.999,,,37763.241147994995,10.5h,32694.887490034103,9.1h,37892.90452051163,10.5h,32809.499450445175,9.1h,90.8%
1817,1817,0.00005184776372828008,0.0009850369351916016,1.0,,,37780.91433238983,10.5h,32712.56076526642,9.1h,37910.654445409775,10.5h,32827.24938225746,9.1h,90.8%
1818,1818,0.000051289608105997296,0.003200527780689299,1.0,,,37798.58854627609,10.5h,32730.23507618904,9.1h,37928.370108127594,10.5h,32844.96504974365,9.1h,90.9%
1819,1819,0.00005073441018244642,0.001244911890476942,1.0,,,37816.26782655716,10.5h,32747.914439678192,9.1h,37946.09599995613,10.5h,32862.69094872475,9.1h,91.0%
1820,1820,0.000050182171327522754,0.0008455120464786887,1.0,4.960391680908203,0.1367,37889.01517701149,10.5h,32765.59643650055,9.1h,38018.980852365494,10.6h,32880.427555799484,9.1h,91.0%
1821,1821,0.00004963289290382106,0.000954845616593957,1.0,,,37906.698346138,10.5h,32783.279705524445,9.1h,38036.7121694088,10.6h,32898.15888142586,9.1h,91.0%
1822,1822,0.00004908657626663124,0.0011067893160507083,1.0,,,37924.380903959274,10.5h,32800.962346315384,9.1h,38054.473840236664,10.6h,32915.92056131363,9.1h,91.1%
1823,1823,0.00004854322276393503,0.003102942544966936,1.0,,,37942.06490278244,10.5h,32818.64645695686,9.1h,38072.23348927498,10.6h,32933.680218696594,9.1h,91.1%
1824,1824,0.00004800283373640347,0.000941988093778491,1.0,,,37959.744314193726,10.5h,32836.32597947121,9.1h,38089.98962330818,10.6h,32951.43635678291,9.2h,91.2%
1825,1825,0.00004746541051739262,0.0014430421413853763,1.0,,,37977.421531677246,10.5h,32854.00327062607,9.1h,38107.72265958786,10.6h,32969.16939878464,9.2h,91.2%
1826,1826,0.00004693095443294094,0.0008389677340164781,1.0,,,37995.096833229065,10.6h,32871.67865777016,9.1h,38125.46968269348,10.6h,32986.916429042816,9.2h,91.3%
1827,1827,0.000046399466801765354,0.004313172096386552,0.999,,,38012.76801991463,10.6h,32889.34992027283,9.1h,38143.19897007942,10.6h,33004.64571928978,9.2h,91.3%
1828,1828,0.00004587094893525937,0.0009242566218599677,1.0,,,38030.447671175,10.6h,32907.02967214584,9.1h,38160.930388212204,10.6h,33022.377141714096,9.2h,91.4%
1829,1829,0.00004534540213748776,0.0008491021050140261,1.0,,,38048.12468791008,10.6h,32924.706783771515,9.1h,38178.68066453934,10.6h,33040.12742495537,9.2h,91.5%
1830,1830,0.00004482282770518518,0.001134957168251276,1.0,,,38065.807523965836,10.6h,32942.38973212242,9.2h,38196.414182662964,10.6h,33057.860948085785,9.2h,91.5%
1831,1831,0.00004430322692775244,0.0008554433775134385,1.0,,,38083.488458156586,10.6h,32960.07077407837,9.2h,38214.169694423676,10.6h,33075.61646747589,9.2h,91.5%
1832,1832,0.00004378660108725206,0.002748867642134428,1.0,,,38101.16346001625,10.6h,32977.74588775635,9.2h,38231.90192627907,10.6h,33093.34870457649,9.2h,91.6%
1833,1833,0.00004327295145840755,0.0008555291001684964,1.0,,,38118.84525966644,10.6h,32995.42780017853,9.2h,38249.66381072998,10.6h,33111.110600948334,9.2h,91.6%
1834,1834,0.00004276227930859818,0.0025037947264499962,1.0,,,38136.521381378174,10.6h,33013.1040019989,9.2h,38267.408647060394,10.6h,33128.85544157028,9.2h,91.7%
1835,1835,0.00004225458589785643,0.0008779253577813507,1.0,,,38154.20455408096,10.6h,33030.78729534149,9.2h,38285.17824435234,10.6h,33146.6250436306,9.2h,91.8%
1836,1836,0.00004174987247886596,0.0013330852091312409,1.0,,,38171.88170695305,10.6h,33048.46455025673,9.2h,38302.92651152611,10.6h,33164.37331724167,9.2h,91.8%
1837,1837,0.00004124814029695616,0.0016541570825502276,1.0,,,38189.576927900314,10.6h,33066.1598739624,9.2h,38320.68664574623,10.6h,33182.13345885277,9.2h,91.8%
1838,1838,0.000040749390590101765,0.0028382033626548945,0.999,,,38207.265072107315,10.6h,33083.84810566902,9.2h,38338.417752981186,10.6h,33199.864574193954,9.2h,91.9%
1839,1839,0.00004025362458891823,0.0008115943367592991,1.0,,,38224.94293427467,10.6h,33101.526054143906,9.2h,38356.168437719345,10.7h,33217.61526632309,9.2h,92.0%
1840,1840,0.000039760843516658315,0.003061219532042742,0.999,4.967384002685547,0.1372,38297.70185995102,10.6h,33119.20322537422,9.2h,38429.06748056412,10.7h,33235.33943390846,9.2h,92.0%
1841,1841,0.00003927104858921107,0.0008567823958583176,1.0,,,38315.387858867645,10.6h,33136.889323949814,9.2h,38446.81928253174,10.7h,33253.09124302864,9.2h,92.0%
1842,1842,0.00003878424101509631,0.0021502295364625753,1.0,,,38333.06732058525,10.6h,33154.56888270378,9.2h,38464.556267499924,10.7h,33270.8282353878,9.2h,92.1%
1843,1843,0.00003830042199546335,0.0008888690285384655,1.0,,,38350.75173354149,10.7h,33172.25341677666,9.2h,38482.31813979149,10.7h,33288.59011173248,9.2h,92.2%
1844,1844,0.00003781959272408769,0.0008291206378489733,1.0,,,38368.42767095566,10.7h,33189.9294462204,9.2h,38500.06551003456,10.7h,33306.33748626709,9.3h,92.2%
1845,1845,0.00003734175438736767,0.001976885789074004,1.0,,,38386.10524225235,10.7h,33207.60710501671,9.2h,38517.81260037422,10.7h,33324.08458280563,9.3h,92.2%
1846,1846,0.000036866908164321843,0.002232116344384849,1.0,,,38403.778752565384,10.7h,33225.280702114105,9.2h,38535.55926012993,10.7h,33341.83124923706,9.3h,92.3%
1847,1847,0.00003639505522658618,0.0014923243415541946,1.0,,,38421.45299434662,10.7h,33242.95502257347,9.2h,38553.29745006561,10.7h,33359.569442272186,9.3h,92.3%
1848,1848,0.00003592619673841092,0.0008533299025148154,1.0,,,38439.12918257713,10.7h,33260.63129615784,9.2h,38571.04351043701,10.7h,33377.315506219864,9.3h,92.4%
1849,1849,0.00003546033385665746,0.0014048677384853362,1.0,,,38456.80592894554,10.7h,33278.308133363724,9.2h,38588.76342988014,10.7h,33395.035432338715,9.3h,92.5%
1850,1850,0.00003499746773079674,0.002341218474321067,1.0,,,38474.4798283577,10.7h,33295.982128858566,9.2h,38606.47987174988,10.7h,33412.75187945366,9.3h,92.5%
1851,1851,0.00003453759950290423,0.0021694588707759977,1.0,,,38492.15287017822,10.7h,33313.65525531769,9.3h,38624.22923755646,10.7h,33430.50124812126,9.3h,92.5%
1852,1852,0.00003408073030765936,0.0007978509394451975,1.0,,,38509.8307621479,10.7h,33331.33325648308,9.3h,38641.98859977722,10.7h,33448.26061606407,9.3h,92.6%
1853,1853,0.00003362686127234178,0.0008116920324973762,1.0,,,38527.50158023834,10.7h,33349.00414395332,9.3h,38659.72572565079,10.7h,33465.9977452755,9.3h,92.7%
1854,1854,0.000033175993516827774,0.0007343868119642138,1.0,,,38545.17093229294,10.7h,33366.67358469963,9.3h,38677.451330661774,10.7h,33483.723355054855,9.3h,92.7%
1855,1855,0.00003272812815358898,0.0008332436522468925,1.0,,,38562.84153461456,10.7h,33384.34425449371,9.3h,38695.168828725815,10.7h,33501.44085550308,9.3h,92.8%
1856,1856,0.00003228326628768825,0.0024718969399109485,1.0,,,38580.51667356491,10.7h,33402.019471883774,9.3h,38712.91420149803,10.8h,33519.1862308979,9.3h,92.8%
1857,1857,0.00003184140901677839,0.0007392876339145005,1.0,,,38598.18986272812,10.7h,33419.69276213646,9.3h,38730.641696214676,10.8h,33536.91373085976,9.3h,92.8%
1858,1858,0.000031402557431098535,0.0028961158958263696,0.999,,,38615.865429878235,10.7h,33437.3684053421,9.3h,38748.3759098053,10.8h,33554.64794802666,9.3h,92.9%
1859,1859,0.000030966712613470716,0.0035512074362486603,0.999,,,38633.539200782776,10.7h,33455.042271375656,9.3h,38766.12069296837,10.8h,33572.39273548126,9.3h,93.0%
1860,1860,0.000030533875639299005,0.0011500537823885678,1.0,4.965470751190185,0.1379,38706.26723909378,10.8h,33472.71285247803,9.3h,38839.00550246239,10.8h,33590.111752033234,9.3h,93.0%
1861,1861,0.000030104047576565776,0.005377914984710515,0.999,,,38723.94110918045,10.8h,33490.38680958748,9.3h,38856.73968219757,10.8h,33607.84593844414,9.3h,93.0%
1862,1862,0.00002967722948582878,0.0008998199887573719,1.0,,,38741.62450814247,10.8h,33508.070336818695,9.3h,38874.497678518295,10.8h,33625.60394382477,9.3h,93.1%
1863,1863,0.000029253422420219212,0.0008323251414112747,1.0,,,38759.302948236465,10.8h,33525.74885892868,9.3h,38892.22778129578,10.8h,33643.33405041695,9.3h,93.2%
1864,1864,0.000028832627425439065,0.0007356817247346043,1.0,,,38776.978400468826,10.8h,33543.42440843582,9.3h,38909.982214450836,10.8h,33661.088492155075,9.4h,93.2%
1865,1865,0.000028414845539758086,0.0007474494595080614,1.0,,,38794.648829460144,10.8h,33561.09491991997,9.3h,38927.70255827904,10.8h,33678.80884337425,9.4h,93.2%
1866,1866,0.000028000077794011694,0.002221421778202057,1.0,,,38812.31805682182,10.8h,33578.76421523094,9.3h,38945.44347906113,10.8h,33696.54976820946,9.4h,93.3%
1867,1867,0.000027588325211597785,0.004478564306627959,1.0,,,38829.995430231094,10.8h,33596.44166135788,9.3h,38963.17485332489,10.8h,33714.28114628792,9.4h,93.3%
1868,1868,0.000027179588808474924,0.0018574741664342583,1.0,,,38847.67296457291,10.8h,33614.11927604675,9.3h,38980.92942094803,10.8h,33732.03572010994,9.4h,93.4%
1869,1869,0.000026773869593159853,0.0017229707203805446,1.0,,,38865.34952378273,10.8h,33631.79591727257,9.3h,38998.682415008545,10.8h,33749.7887172699,9.4h,93.5%
1870,1870,0.00002637116856672416,0.0007913808454759419,1.0,,,38883.03213715553,10.8h,33649.478665590286,9.3h,39016.4108748436,10.8h,33767.517182826996,9.4h,93.5%
1871,1871,0.000025971486722792613,0.0008619777006097138,1.0,,,38900.721172094345,10.8h,33667.16784644127,9.4h,39034.14589691162,10.8h,33785.25221014023,9.4h,93.5%
1872,1872,0.000025574825047540794,0.000893129255156964,1.0,,,38918.39873576164,10.8h,33684.845525979996,9.4h,39051.88221716881,10.8h,33802.98853754997,9.4h,93.6%
1873,1873,0.000025181184519691364,0.0008349265339784324,1.0,,,38936.07416176796,10.8h,33702.52103471756,9.4h,39069.60110425949,10.9h,33820.70743012428,9.4h,93.7%
1874,1874,0.000024790566110513635,0.003032242720015347,1.0,,,38953.74810242653,10.8h,33720.19506120682,9.4h,39087.34467172623,10.9h,33838.451003313065,9.4h,93.7%
1875,1875,0.000024402970783819557,0.0025389831732027233,0.999,,,38971.427356004715,10.8h,33737.87440729141,9.4h,39105.09910798073,10.9h,33856.205444812775,9.4h,93.8%
1876,1876,0.000024018399495961905,0.0046366751380264755,0.999,,,38989.10414671898,10.8h,33755.551325798035,9.4h,39122.83228683472,10.9h,33873.93863034248,9.4h,93.8%
1877,1877,0.000023636853195832475,0.0032869305755011736,0.999,,,39006.78150820732,10.8h,33773.228785037994,9.4h,39140.56430578232,10.9h,33891.67065644264,9.4h,93.8%
1878,1878,0.00002325833282485834,0.00294778751488775,1.0,,,39024.462701797485,10.8h,33790.91007614136,9.4h,39158.32086658478,10.9h,33909.42722225189,9.4h,93.9%
1879,1879,0.000022882839317001444,0.0026048465445637705,1.0,,,39042.1488366127,10.8h,33808.59630560875,9.4h,39176.08975815773,10.9h,33927.19611668587,9.4h,94.0%
1880,1880,0.00002251037359875427,0.0007636290560476482,1.0,4.968843536376953,0.1374,39114.93520665169,10.9h,33826.27731633186,9.4h,39249.03682589531,10.9h,33944.95217680931,9.4h,94.0%
1881,1881,0.000022140936589139047,0.002642806535586715,1.0,,,39132.62023353577,10.9h,33843.96242523193,9.4h,39266.79235982895,10.9h,33962.70771551132,9.4h,94.0%
1882,1882,0.000021774529199705076,0.0007772723147645592,1.0,,,39150.30743932724,10.9h,33861.649741888046,9.4h,39284.537167310715,10.9h,33980.45252966881,9.4h,94.1%
1883,1883,0.00002141115233452598,0.0007953946199268102,1.0,,,39167.985637664795,10.9h,33879.32803320885,9.4h,39302.29080867767,10.9h,33998.20617675781,9.4h,94.2%
1884,1884,0.000021050806890198032,0.0008149773809127509,1.0,,,39185.66833281517,10.9h,33897.010833740234,9.4h,39320.04778575897,10.9h,34015.963168382645,9.4h,94.2%
1885,1885,0.00002069349375583779,0.0031470430451445283,0.999,,,39203.35231924057,10.9h,33914.694903850555,9.4h,39337.803339481354,10.9h,34033.71872496605,9.5h,94.2%
1886,1886,0.000020339213813080156,0.001706788859795779,1.0,,,39221.03359127045,10.9h,33932.37629747391,9.4h,39355.557096242905,10.9h,34051.472502708435,9.5h,94.3%
1887,1887,0.000019987967936075326,0.001841975319199264,1.0,,,39238.712562561035,10.9h,33950.05536365509,9.4h,39373.31275224686,10.9h,34069.228164196014,9.5h,94.3%
1888,1888,0.00001963975699148768,0.004289326341357082,0.999,,,39256.39860415459,10.9h,33967.74151301384,9.4h,39391.0697658062,10.9h,34086.985184431076,9.5h,94.4%
1889,1889,0.000019294581838493284,0.001345902013592422,1.0,,,39274.079711675644,10.9h,33985.4227077961,9.4h,39408.82439827919,10.9h,34104.739820718765,9.5h,94.5%
1890,1890,0.000018952443328777244,0.001729546736460179,1.0,,,39291.76086807251,10.9h,34003.103967666626,9.4h,39426.551570653915,11.0h,34122.466999292374,9.5h,94.5%
1891,1891,0.000018613342306532613,0.0028739658063277602,1.0,,,39309.43417406082,10.9h,34020.77735877037,9.5h,39444.29658842087,11.0h,34140.21202325821,9.5h,94.5%
1892,1892,0.000018277279608457184,0.0008227221667766571,1.0,,,39327.10946178436,10.9h,34038.452731609344,9.5h,39462.02417731285,11.0h,34157.93961882591,9.5h,94.6%
1893,1893,0.00001794425606375239,0.006133604503702372,0.999,,,39344.78873729706,10.9h,34056.132121801376,9.5h,39479.764278411865,11.0h,34175.67972898483,9.5h,94.7%
1894,1894,0.00001761427249412079,0.0008117023753002286,1.0,,,39362.46361064911,10.9h,34073.80708241463,9.5h,39497.51251220703,11.0h,34193.427966833115,9.5h,94.7%
1895,1895,0.00001728732971376388,0.0008291112156584859,1.0,,,39380.14113903046,10.9h,34091.48470163345,9.5h,39515.267795562744,11.0h,34211.18325686455,9.5h,94.8%
1896,1896,0.00001696342852938066,0.0007363923150114715,1.0,,,39397.81217670441,10.9h,34109.15582036972,9.5h,39533.012684345245,11.0h,34228.92815208435,9.5h,94.8%
1897,1897,0.000016642569740164905,0.0026136549124494194,1.0,,,39415.48544502258,10.9h,34126.82917404175,9.5h,39550.740080833435,11.0h,34246.65555882454,9.5h,94.8%
1898,1898,0.000016324754137803886,0.0016751810619607568,1.0,,,39433.1565425396,11.0h,34144.500355005264,9.5h,39568.48398947716,11.0h,34264.39947247505,9.5h,94.9%
1899,1899,0.000016009982506476017,0.0019035835908725858,1.0,,,39450.82942247391,11.0h,34162.173308849335,9.5h,39586.23132967949,11.0h,34282.14681553841,9.5h,95.0%
1900,1900,0.00001569825562284892,0.0020173645243048667,1.0,4.96468678817749,0.1367,39523.58300638199,11.0h,34179.84559106827,9.5h,39659.15276646614,11.0h,34299.87491488457,9.5h,95.0%
1901,1901,0.000015389574256077885,0.003689379681367427,1.0,,,39541.26176953316,11.0h,34197.52443575859,9.5h,39676.88160133362,11.0h,34317.60375332832,9.5h,95.0%
1902,1902,0.000015083939167803249,0.0008704404728487134,1.0,,,39558.944561719894,11.0h,34215.20734286308,9.5h,39694.624016046524,11.0h,34335.34617161751,9.5h,95.1%
1903,1903,0.000014781351112149415,0.0007729022698476911,1.0,,,39576.624267578125,11.0h,34232.88715553284,9.5h,39712.34911632538,11.0h,34353.07127714157,9.5h,95.2%
1904,1904,0.000014481810835722076,0.0008202707623131574,1.0,,,39594.307305812836,11.0h,34250.57031965256,9.5h,39730.08282995224,11.0h,34370.804996967316,9.5h,95.2%
1905,1905,0.000014185319077607523,0.00416841730941087,0.999,,,39611.98142647743,11.0h,34268.2445166111,9.5h,39747.82972788811,11.0h,34388.55190181732,9.6h,95.2%
1906,1906,0.000013891876569369317,0.002455822505056858,0.999,,,39629.65771198273,11.0h,34285.92090725899,9.5h,39765.548120737076,11.0h,34406.27029967308,9.6h,95.3%
1907,1907,0.00001360148403504773,0.00766163993999362,0.999,,,39647.328805208206,11.0h,34303.59209609032,9.5h,39783.270921230316,11.1h,34423.99310660362,9.6h,95.3%
1908,1908,0.000013314142191157665,0.0010051625822670757,1.0,,,39665.001076221466,11.0h,34321.264439344406,9.5h,39801.01548862457,11.1h,34441.73767709732,9.6h,95.4%
1909,1909,0.000013029851746686297,0.0007659992119297385,1.0,,,39682.68036818504,11.0h,34338.94386267662,9.5h,39818.77275085449,11.1h,34459.49494791031,9.6h,95.5%
1910,1910,0.000012748613403092238,0.0008483718177303671,1.0,,,39700.355005025864,11.0h,34356.61860752106,9.5h,39836.52083945274,11.1h,34477.243042469025,9.6h,95.5%
1911,1911,0.000012470427854303044,0.002075029926840216,1.0,,,39718.02791905403,11.0h,34374.29160404205,9.5h,39854.23581790924,11.1h,34494.958023548126,9.6h,95.5%
1912,1912,0.00001219529578671396,0.002108828046359122,1.0,,,39735.70094847679,11.0h,34391.96474313736,9.6h,39871.96356010437,11.1h,34512.68577671051,9.6h,95.6%
1913,1913,0.000011923217879185982,0.004179215099662542,1.0,,,39753.38226175308,11.0h,34409.64616751671,9.6h,39889.70676803589,11.1h,34530.428990125656,9.6h,95.7%
1914,1914,0.000011654194803044327,0.0007646534936502576,1.0,,,39771.06134557724,11.0h,34427.325341939926,9.6h,39907.45110630989,11.1h,34548.173339128494,9.6h,95.7%
1915,1915,0.00001138822722207663,0.0029979042559862136,1.0,,,39788.74320602417,11.1h,34445.00729084015,9.6h,39925.20673370361,11.1h,34565.928973674774,9.6h,95.8%
1916,1916,0.00001112531579253156,0.0007057948112487793,1.0,,,39806.42242407799,11.1h,34462.686628103256,9.6h,39942.939707517624,11.1h,34583.66195297241,9.6h,95.8%
1917,1917,0.00001086546116311673,0.0007792423549108208,1.0,,,39824.10389208794,11.1h,34480.36821460724,9.6h,39960.69513773918,11.1h,34601.41738986969,9.6h,95.9%
1918,1918,0.000010608663974997875,0.0007670305459760129,1.0,,,39841.78844285011,11.1h,34498.0528717041,9.6h,39978.423471450806,11.1h,34619.145730018616,9.6h,95.9%
1919,1919,0.00001035492486179648,0.0007558190003037452,1.0,,,39859.467344522476,11.1h,34515.731863975525,9.6h,39996.14663362503,11.1h,34636.8688993454,9.6h,96.0%
1920,1920,0.000010104244449588403,0.0007524374891072511,1.0,4.964275624084473,0.1372,39932.20927405357,11.1h,34533.412370443344,9.6h,40069.05119562149,11.1h,34654.62465453148,9.6h,96.0%
1921,1921,9.856623356902763e-6,0.0008328927019611001,1.0,,,39949.89230298996,11.1h,34551.09547185898,9.6h,40086.81000041962,11.1h,34672.38346338272,9.6h,96.0%
1922,1922,9.612062194719991e-6,0.0007401656568981707,1.0,,,39967.57030797005,11.1h,34568.77358365059,9.6h,40104.54338288307,11.1h,34690.11685204506,9.6h,96.1%
1923,1923,9.370561566470312e-6,0.0007758328742347658,1.0,,,39985.24887084961,11.1h,34586.45223021507,9.6h,40122.29727721214,11.1h,34707.87074947357,9.6h,96.2%
1924,1924,9.132122068032765e-6,0.0007563553536310792,1.0,,,40002.92271947861,11.1h,34604.1261780262,9.6h,40140.03058028221,11.2h,34725.6040596962,9.6h,96.2%
1925,1925,8.896744287732987e-6,0.000884418809786439,1.0,,,40020.61064696312,11.1h,34621.81424641609,9.6h,40157.78017759323,11.2h,34743.353664159775,9.7h,96.2%
1926,1926,8.664428806342106e-6,0.0007722900691442191,1.0,,,40038.28888630867,11.1h,34639.4925673008,9.6h,40175.52174901962,11.2h,34761.0952436924,9.7h,96.3%
1927,1927,8.43517619707576e-6,0.0035634015863761307,0.999,,,40055.96940922737,11.1h,34657.17318224907,9.6h,40193.26628756523,11.2h,34778.839789152145,9.7h,96.4%
1928,1928,8.208987025591752e-6,0.0007995756375603378,1.0,,,40073.65520119667,11.1h,34674.859070301056,9.6h,40211.0046172142,11.2h,34796.57812452316,9.7h,96.4%
1929,1929,7.98586184998948e-6,0.0017386857336387038,1.0,,,40091.341383218765,11.1h,34692.54532957077,9.6h,40228.742926836014,11.2h,34814.31643772125,9.7h,96.5%
1930,1930,7.76580122080814e-6,0.005155157492496073,1.0,,,40109.028433561325,11.1h,34710.23249006271,9.6h,40246.50234365463,11.2h,34832.075860500336,9.7h,96.5%
1931,1931,7.548805681025342e-6,0.002889340890571475,0.999,,,40126.707436561584,11.1h,34727.911596775055,9.6h,40264.23414182663,11.2h,34849.80766773224,9.7h,96.5%
1932,1932,7.33487576605613e-6,0.0008029576875269413,1.0,,,40144.38870429993,11.2h,34745.592968702316,9.7h,40281.98616576195,11.2h,34867.55969834328,9.7h,96.6%
1933,1933,7.124012003751322e-6,0.0007302658064290881,1.0,,,40162.06860899925,11.2h,34763.27297592163,9.7h,40299.73100113869,11.2h,34885.304538965225,9.7h,96.7%
1934,1934,6.916214914396262e-6,0.002375952823087573,1.0,,,40179.74859404564,11.2h,34780.95310664177,9.7h,40317.48121595383,11.2h,34903.054758787155,9.7h,96.7%
1935,1935,6.711485010709567e-6,0.00341459384560585,1.0,,,40197.42256140709,11.2h,34798.62718653679,9.7h,40335.23267507553,11.2h,34920.80622434616,9.7h,96.8%
1936,1936,6.50982279784188e-6,0.0020451201451942326,1.0,,,40215.10014939308,11.2h,34816.304884433746,9.7h,40352.98345851898,11.2h,34938.55701255798,9.7h,96.8%
1937,1937,6.311228773374761e-6,0.003957999432459474,0.999,,,40232.78280162811,11.2h,34833.98766827583,9.7h,40370.74096226692,11.2h,34956.31452155113,9.7h,96.9%
1938,1938,6.115703427319298e-6,0.006277146068401635,0.998,,,40250.46176147461,11.2h,34851.666736364365,9.7h,40388.49304986,11.2h,34974.06661605835,9.7h,96.9%
1939,1939,5.9232472421145785e-6,0.002400901149958372,1.0,,,40268.13929390907,11.2h,34869.34438967705,9.7h,40406.21721744537,11.2h,34991.790790081024,9.7h,97.0%
1940,1940,5.733860692627277e-6,0.003787067346740514,1.0,4.962971618652344,0.1372,40340.85604548454,11.2h,34887.012573719025,9.7h,40479.085161447525,11.2h,35009.50470972061,9.7h,97.0%
1941,1941,5.547544246149985e-6,0.0008151102806441486,1.0,,,40358.537850141525,11.2h,34904.694504737854,9.7h,40496.81912994385,11.2h,35027.23868346214,9.7h,97.0%
1942,1942,5.364298362399831e-6,0.0007467500185593962,1.0,,,40376.21583247185,11.2h,34922.37261009216,9.7h,40514.54294133186,11.3h,35044.962503910065,9.7h,97.1%
1943,1943,5.184123493517916e-6,0.0007408710224553942,1.0,,,40393.88822412491,11.2h,34940.0450899601,9.7h,40532.271842479706,11.3h,35062.69141316414,9.7h,97.2%
1944,1944,5.007020084067792e-6,0.0008321876786649227,1.0,,,40411.56662154198,11.2h,34957.72358226776,9.7h,40550.00466489792,11.3h,35080.42424082756,9.7h,97.2%
1945,1945,4.8329885710343526e-6,0.0007762922523543239,1.0,,,40429.23797535896,11.2h,34975.395011901855,9.7h,40567.75180363655,11.3h,35098.1713821888,9.7h,97.2%
1946,1946,4.662029383823414e-6,0.0007856557825580239,1.0,,,40446.91935992241,11.2h,34993.076535224915,9.7h,40585.51119637489,11.3h,35115.9307820797,9.8h,97.3%
1947,1947,4.494142944259496e-6,0.0023564881160855295,1.0,,,40464.599606990814,11.2h,35010.756927490234,9.7h,40603.26880598068,11.3h,35133.68839788437,9.8h,97.4%
1948,1948,4.329329666585683e-6,0.007279566664248705,0.998,,,40482.27176141739,11.2h,35028.42916345596,9.7h,40621.01767730713,11.3h,35151.43727564812,9.8h,97.4%
1949,1949,4.167589957462651e-6,0.0007276944871991873,1.0,,,40499.95479917526,11.2h,35046.11232018471,9.7h,40638.78455400467,11.3h,35169.20416045189,9.8h,97.5%
1950,1950,4.008924215966729e-6,0.0008193835108540953,1.0,,,40517.632484674454,11.3h,35063.79011011124,9.7h,40656.51381492615,11.3h,35186.933426618576,9.8h,97.5%
1951,1951,3.853332833590033e-6,0.0038792363731190564,0.999,,,40535.314093351364,11.3h,35081.471838474274,9.7h,40674.27452301979,11.3h,35204.69414162636,9.8h,97.5%
1952,1952,3.7008161942388034e-6,0.0007818364789709449,1.0,,,40552.98910999298,11.3h,35099.146963357925,9.7h,40692.00598359108,11.3h,35222.42560815811,9.8h,97.6%
1953,1953,3.5513746742325713e-6,0.0007836342486552895,1.0,,,40570.66775846481,11.3h,35116.82569360733,9.8h,40709.75949025154,11.3h,35240.179117918015,9.8h,97.7%
1954,1954,3.4050086423036035e-6,0.0012683852966874837,1.0,,,40588.34839820862,11.3h,35134.506452322006,9.8h,40727.52060365677,11.3h,35257.940239191055,9.8h,97.7%
1955,1955,3.2617184595953763e-6,0.004194277667440474,1.0,,,40606.029027700424,11.3h,35152.18718457222,9.8h,40745.27608251572,11.3h,35275.695724487305,9.8h,97.8%
1956,1956,3.121504479662436e-6,0.0006981925973668694,1.0,,,40623.70732665062,11.3h,35169.86556267738,9.8h,40763.02929973602,11.3h,35293.44894886017,9.8h,97.8%
1957,1957,2.9843670484684576e-6,0.0007050806889310479,1.0,,,40641.387709617615,11.3h,35187.54605460167,9.8h,40780.78308916092,11.3h,35311.20274591446,9.8h,97.9%
1958,1958,2.850306504386798e-6,0.002545655353460461,1.0,,,40659.0745074749,11.3h,35205.23298430443,9.8h,40798.544781684875,11.3h,35328.96444225311,9.8h,97.9%
1959,1959,2.7193231781981375e-6,0.0009261347623541951,1.0,,,40676.75384783745,11.3h,35222.91241192818,9.8h,40816.27535581589,11.3h,35346.69502282143,9.8h,98.0%
1960,1960,2.591417393091175e-6,0.0009503625025972723,1.0,4.962958540344238,0.1375,40749.497473716736,11.3h,35240.58821392059,9.8h,40889.19091153145,11.4h,35364.44098377228,9.8h,98.0%
1961,1961,2.4665894646605435e-6,0.0012329455809667706,1.0,,,40767.174100875854,11.3h,35258.264925956726,9.8h,40906.92417860031,11.4h,35382.174255132675,9.8h,98.0%
1962,1962,2.3448397009068127e-6,0.0007800232563167811,1.0,,,40784.85116624832,11.3h,35275.94207382202,9.8h,40924.66872215271,11.4h,35399.91880440712,9.8h,98.1%
1963,1963,2.2261684022352387e-6,0.0036609260737895965,0.999,,,40802.53140950203,11.3h,35293.62240433693,9.8h,40942.43381690979,11.4h,35417.68390202522,9.8h,98.2%
1964,1964,2.110575861455765e-6,0.0015279325284063817,1.0,,,40820.20261025429,11.3h,35311.29367876053,9.8h,40960.174006938934,11.4h,35435.42409467697,9.8h,98.2%
1965,1965,1.9980623637812163e-6,0.0010280535453930496,1.0,,,40837.88135051727,11.3h,35328.972511291504,9.8h,40977.92648935318,11.4h,35453.17658209801,9.8h,98.2%
1966,1966,1.8886281868275787e-6,0.0032976008537225427,0.999,,,40855.56060194969,11.3h,35346.65185594559,9.8h,40995.65182733536,11.4h,35470.90192389488,9.9h,98.3%
1967,1967,1.7822736006127494e-6,0.0014675451526418328,1.0,,,40873.23617601395,11.4h,35364.32751297951,9.8h,41013.382464170456,11.4h,35488.63256430626,9.9h,98.4%
1968,1968,1.6789988675562588e-6,0.006918742671608925,0.999,,,40890.91620874405,11.4h,35382.00765609741,9.8h,41031.11565375328,11.4h,35506.36577582359,9.9h,98.4%
1969,1969,1.5788042424781609e-6,0.002236120058223605,1.0,,,40908.601172208786,11.4h,35399.69273734093,9.8h,41048.87935638428,11.4h,35524.12948465347,9.9h,98.5%
1970,1970,1.4816899725986166e-6,0.0007928155651316047,1.0,,,40926.27690553665,11.4h,35417.36855196953,9.8h,41066.62728333473,11.4h,35541.87741470337,9.9h,98.5%
1971,1971,1.3876562975376163e-6,0.002068267381284386,1.0,,,40943.95328164101,11.4h,35435.04502224922,9.8h,41084.37422513962,11.4h,35559.624366521835,9.9h,98.6%
1972,1972,1.2967034493135925e-6,0.001448476828634739,1.0,,,40961.62759232521,11.4h,35452.71943163872,9.8h,41102.093498945236,11.4h,35577.3436460495,9.9h,98.6%
1973,1973,1.2088316523441129e-6,0.001571335199754685,1.0,,,40979.30652689934,11.4h,35470.3984708786,9.9h,41119.82479453087,11.4h,35595.0749464035,9.9h,98.7%
1974,1974,1.1240411234437995e-6,0.0007408114979043603,1.0,,,40996.975907325745,11.4h,35488.0679359436,9.9h,41137.56537461281,11.4h,35612.81553220749,9.9h,98.7%
1975,1975,1.042332071824883e-6,0.000729414124507457,1.0,,,41014.649143218994,11.4h,35505.741260290146,9.9h,41155.31864118576,11.4h,35630.56880283356,9.9h,98.8%
1976,1976,9.637046990963707e-7,0.000737475479952991,1.0,,,41032.32661533356,11.4h,35523.418820858,9.9h,41173.06097698212,11.4h,35648.311148643494,9.9h,98.8%
1977,1977,8.881591992634913e-7,0.0007702983459457755,1.0,,,41049.999014139175,11.4h,35541.091292619705,9.9h,41190.805820941925,11.4h,35666.05599522591,9.9h,98.9%
1978,1978,8.156957587271393e-7,0.0007593547734431923,1.0,,,41067.67431950569,11.4h,35558.76669073105,9.9h,41208.54302287102,11.4h,35683.79320168495,9.9h,98.9%
1979,1979,7.463145562838757e-7,0.0028155943481251596,0.999,,,41085.347485780716,11.4h,35576.43995022774,9.9h,41226.257947683334,11.5h,35701.50813245773,9.9h,99.0%
1980,1980,6.800157631248172e-7,0.0007728756479918957,1.0,4.962865870666504,0.1367,41158.0852329731,11.4h,35594.11295771599,9.9h,41299.1501224041,11.5h,35719.25738453865,9.9h,99.0%
1981,1981,6.16799542835498e-7,0.0027409557159990073,1.0,,,41175.7627761364,11.4h,35611.790575027466,9.9h,41316.87831020355,11.5h,35736.98557591438,9.9h,99.1%
1982,1982,5.56666051396008e-7,0.005473631833679974,0.999,,,41193.435141325,11.4h,35629.46302866936,9.9h,41334.62807893753,11.5h,35754.735350847244,9.9h,99.1%
1983,1983,4.996154371793277e-7,0.0008025819407775998,1.0,,,41211.10613942146,11.4h,35647.13409948349,9.9h,41352.37000799179,11.5h,35772.47728228569,9.9h,99.2%
1984,1984,4.4564784095243865e-7,0.0012551046637818218,1.0,,,41228.780144929886,11.5h,35664.808200359344,9.9h,41370.11743879318,11.5h,35790.22471952438,9.9h,99.2%
1985,1985,3.947633958750739e-7,0.0016221188912168146,1.0,,,41246.45310997963,11.5h,35682.48124074936,9.9h,41387.86163830757,11.5h,35807.96892166138,9.9h,99.2%
1986,1986,3.469622274993023e-7,0.0006904057371430099,1.0,,,41264.128353595734,11.5h,35700.15656375885,9.9h,41405.61803483963,11.5h,35825.72532081604,10.0h,99.3%
1987,1987,3.022444537699444e-7,0.0008397204135544598,1.0,,,41281.801550388336,11.5h,35717.82987475395,9.9h,41423.36771392822,11.5h,35843.47500729561,10.0h,99.4%
1988,1988,2.606101850236012e-7,0.001676253500394523,1.0,,,41299.47461438179,11.5h,35735.50301027298,9.9h,41441.11305260658,11.5h,35861.22034931183,10.0h,99.4%
1989,1989,2.2205952398879279e-7,0.0007710069706663489,1.0,,,41317.15089392662,11.5h,35753.17939209938,9.9h,41458.867193222046,11.5h,35878.97449493408,10.0h,99.5%
1990,1990,1.865925657852646e-7,0.0008901372733525932,1.0,,,41334.825154304504,11.5h,35770.85372591019,9.9h,41476.61551332474,11.5h,35896.7228178978,10.0h,99.5%
1991,1991,1.5420939792426487e-7,0.0031976274722255765,0.999,,,41352.50097680092,11.5h,35788.52962851524,9.9h,41494.33349823952,11.5h,35914.44080758095,10.0h,99.6%
1992,1992,1.2491010030812837e-7,0.0030840133456513288,0.999,,,41370.18000292778,11.5h,35806.20875644684,9.9h,41512.080954790115,11.5h,35932.188269376755,10.0h,99.6%
1993,1993,9.869474522986e-8,0.0027276094923727214,1.0,,,41387.858912944794,11.5h,35823.887756347656,10.0h,41529.839928627014,11.5h,35949.94724750519,10.0h,99.7%
1994,1994,7.556339737327364e-8,0.0013280817940831185,1.0,,,41405.53464436531,11.5h,35841.563596725464,10.0h,41547.567569971085,11.5h,35967.67489361763,10.0h,99.7%
1995,1995,5.551611381271452e-8,0.0017396661890670658,1.0,,,41423.20995211601,11.5h,35859.238985061646,10.0h,41565.29875993729,11.5h,35985.40608739853,10.0h,99.8%
1996,1996,3.855294401292051e-8,0.000745195709168911,1.0,,,41440.88873052597,11.5h,35876.917880773544,10.0h,41583.039019584656,11.6h,36003.146350860596,10.0h,99.8%
1997,1997,2.467392982860575e-8,0.0012407976733520628,1.0,,,41458.563571453094,11.5h,35894.59280991554,10.0h,41600.793018102646,11.6h,36020.90035367012,10.0h,99.9%
1998,1998,1.3879105505015762e-8,0.0007937904037535191,1.0,,,41476.24526929855,11.5h,35912.27458691597,10.0h,41618.52338719368,11.6h,36038.63072729111,10.0h,99.9%
1999,1999,6.168497677233576e-9,0.0008001000098884106,1.0,,,41493.921134233475,11.5h,35929.950578927994,10.0h,41636.24577641487,11.6h,36056.353122234344,10.0h,100.0%
2000,2000,1.5421253705960537e-9,0.0008073495104908943,1.0,4.9628281509399415,0.1367,41566.6699693203,11.5h,35947.62956237793,10.0h,41709.1744081974,11.6h,36074.100758075714,10.0h,100.0%
