version https://git-lfs.github.com/spec/v1
oid sha256:5f1f2254d54a7ba0c71ac62359062e7a98465112d9d660ab60c5f65cb14117fa
size 120818
