version https://git-lfs.github.com/spec/v1
oid sha256:0993aa5873f0f98949310f296c8149bb432c884e57107c9144bf49bf7d205f4a
size 32179
