version https://git-lfs.github.com/spec/v1
oid sha256:6a4405b21a9d0c9751efff20d0349ef12b1debd25d853842aabf2449ee2dfc41
size 241760
