version https://git-lfs.github.com/spec/v1
oid sha256:62ae6d7f230193f948e55bed0301121e57d21898bf4e3ce3d317bbe2501821a8
size 333
